------------------------------------
Translation mean : 
[1.16958382 0.11319723 0.54307175]
()
Rotation mean : 
[-3.51470471e-01 -1.15300868e-04  9.36162090e-01 -8.30883166e-03]
()
Current values
[1.1695838201381723, 0.11319723040815627, 0.5430717508860696]
[-0.35147047068261866, -0.00011530086803677488, 0.9361620897367827, -0.008308831657281772]
Quaternion in openCV Convention: 
 [ 0.63960421  0.64802835 -0.29644257 -0.28824904]
Rotation in openCV Convention: 
 [[-0.01563788  0.65806474 -0.75279894  0.        ]
 [ 0.9998619   0.0060565  -0.01547578  0.        ]
 [-0.00562474 -0.75293699 -0.65806858  0.        ]
 [ 0.          0.          0.          1.        ]]
-----------------------------------
------------------------------------
Translation mean : 
[1.16958382 0.11319723 0.54307175]
()
Rotation mean : 
[-3.51470471e-01 -1.15300868e-04  9.36162090e-01 -8.30883166e-03]
()
Current values
[1.1695838201381723, 0.11319723040815627, 0.5430717508860696]
[-0.35147047068261866, -0.00011530086803677488, 0.9361620897367827, -0.008308831657281772]
Quaternion in openCV Convention: 
 [ 0.63960421  0.64802835 -0.29644257 -0.28824904]
Rotation in openCV Convention: 
 [[-0.01563788  0.65806474 -0.75279894  0.        ]
 [ 0.9998619   0.0060565  -0.01547578  0.        ]
 [-0.00562474 -0.75293699 -0.65806858  0.        ]
 [ 0.          0.          0.          1.        ]]
-----------------------------------
------------------------------------
Translation mean : 
[1.1861442  0.11421773 0.54262123]
()
Rotation mean : 
[-3.50471565e-01 -5.28794771e-05  9.36536692e-01 -8.14665011e-03]
()
Current values
[1.219264958663662, 0.11625872858531029, 0.5417201952150013]
[-0.3484737536412707, 7.196330464721498e-05, 0.9372858953758106, -0.00782228700643152]
Quaternion in openCV Convention: 
 [ 0.63940436  0.64760389 -0.29707945 -0.28898568]
Rotation in openCV Convention: 
 [[-0.01529637  0.65645963 -0.75420605  0.        ]
 [ 0.99986726  0.0058094  -0.01522224  0.        ]
 [-0.0056113  -0.75433878 -0.65646136  0.        ]
 [ 0.          0.          0.          1.        ]]
-----------------------------------
------------------------------------
Translation mean : 
[1.19442439 0.11472798 0.54239597]
()
Rotation mean : 
[-3.49972112e-01 -2.16687817e-05  9.36723993e-01 -8.06555933e-03]
()
Current values
[1.219264958663662, 0.11625872858531029, 0.5417201952150013]
[-0.3484737536412707, 7.196330464721498e-05, 0.9372858953758106, -0.00782228700643152]
Quaternion in openCV Convention: 
 [ 0.63930444  0.64739167 -0.29739789 -0.28935399]
Rotation in openCV Convention: 
 [[-0.01512561  0.65565592 -0.75490829  0.        ]
 [ 0.99986989  0.00568605 -0.01509528  0.        ]
 [-0.00560486 -0.7550384  -0.65565662  0.        ]
 [ 0.          0.          0.          1.        ]]
-----------------------------------
------------------------------------
Translation mean : 
[1.1993925  0.11503413 0.54226082]
()
Rotation mean : 
[-3.49672440e-01 -2.94236443e-06  9.36836373e-01 -8.01690487e-03]
()
Current values
[1.219264958663662, 0.11625872858531029, 0.5417201952150013]
[-0.3484737536412707, 7.196330464721498e-05, 0.9372858953758106, -0.00782228700643152]
Quaternion in openCV Convention: 
 [ 0.63924448  0.64726433 -0.29758895 -0.28957499]
Rotation in openCV Convention: 
 [[-0.01502315  0.65517333 -0.75532921  0.        ]
 [ 0.99987146  0.00561211 -0.01501904  0.        ]
 [-0.00560108 -0.75545775 -0.65517342  0.        ]
 [ 0.          0.          0.          1.        ]]
-----------------------------------
------------------------------------
Translation mean : 
[1.20270458 0.11523823 0.54217071]
()
Rotation mean : 
[-3.49472659e-01  9.54191375e-06  9.36911293e-01 -7.98446856e-03]
()
Current values
[1.219264958663662, 0.11625872858531029, 0.5417201952150013]
[-0.3484737536412707, 7.196330464721498e-05, 0.9372858953758106, -0.00782228700643152]
Quaternion in openCV Convention: 
 [ 0.63920451  0.64717944 -0.29771632 -0.28972231]
Rotation in openCV Convention: 
 [[-0.01495484  0.65485145 -0.75560965  0.        ]
 [ 0.9998725   0.00556284 -0.01496818  0.        ]
 [-0.0055986  -0.75573715 -0.65485114  0.        ]
 [ 0.          0.          0.          1.        ]]
-----------------------------------
------------------------------------
Translation mean : 
[1.20507035 0.11538401 0.54210635]
()
Rotation mean : 
[-3.49329959e-01  1.84592553e-05  9.36964808e-01 -7.96129976e-03]
()
Current values
[1.219264958663662, 0.11625872858531029, 0.5417201952150013]
[-0.3484737536412707, 7.196330464721498e-05, 0.9372858953758106, -0.00782228700643152]
Quaternion in openCV Convention: 
 [ 0.63917596  0.6471188  -0.2978073  -0.28982755]
Rotation in openCV Convention: 
 [[-0.01490605  0.65462145 -0.75580987  0.        ]
 [ 0.99987323  0.00552766 -0.01493184  0.        ]
 [-0.00559684 -0.75593664 -0.65462087  0.        ]
 [ 0.          0.          0.          1.        ]]
-----------------------------------
------------------------------------
Translation mean : 
[1.20684467 0.11549335 0.54205808]
()
Rotation mean : 
[-3.49222933e-01  2.51472615e-05  9.37004944e-01 -7.94392317e-03]
()
Current values
[1.219264958663662, 0.11625872858531029, 0.5417201952150013]
[-0.3484737536412707, 7.196330464721498e-05, 0.9372858953758106, -0.00782228700643152]
Quaternion in openCV Convention: 
 [ 0.63915455  0.64707333 -0.29787554 -0.28990647]
Rotation in openCV Convention: 
 [[-0.01486946  0.65444892 -0.75595999  0.        ]
 [ 0.99987379  0.00550128 -0.01490458  0.        ]
 [-0.00559554 -0.7560862  -0.65444812  0.        ]
 [ 0.          0.          0.          1.        ]]
-----------------------------------
------------------------------------
Translation mean : 
[1.20822471 0.1155784  0.54202054]
()
Rotation mean : 
[-3.49139691e-01  3.03490441e-05  9.37036161e-01 -7.93040804e-03]
()
Current values
[1.219264958663662, 0.11625872858531029, 0.5417201952150013]
[-0.3484737536412707, 7.196330464721498e-05, 0.9372858953758106, -0.00782228700643152]
Quaternion in openCV Convention: 
 [ 0.6391379   0.64703796 -0.29792861 -0.28996786]
Rotation in openCV Convention: 
 [[-0.01484099  0.6543147  -0.75607673  0.        ]
 [ 0.99987422  0.00548077 -0.01488338  0.        ]
 [-0.00559453 -0.75620251 -0.65431374  0.        ]
 [ 0.          0.          0.          1.        ]]
-----------------------------------
------------------------------------
Translation mean : 
[1.20932873 0.11564643 0.54199051]
()
Rotation mean : 
[-3.49073097e-01  3.45104701e-05  9.37061134e-01 -7.91959594e-03]
()
Current values
[1.219264958663662, 0.11625872858531029, 0.5417201952150013]
[-0.3484737536412707, 7.196330464721498e-05, 0.9372858953758106, -0.00782228700643152]
Quaternion in openCV Convention: 
 [ 0.63912457  0.64700966 -0.29797107 -0.29001697]
Rotation in openCV Convention: 
 [[-0.01481822  0.65420731 -0.7561701   0.        ]
 [ 0.99987456  0.00546437 -0.01486641  0.        ]
 [-0.00559372 -0.75629553 -0.65420622  0.        ]
 [ 0.          0.          0.          1.        ]]
-----------------------------------
------------------------------------
Translation mean : 
[1.21023202 0.11570209 0.54196593]
()
Rotation mean : 
[-3.49018611e-01  3.79152733e-05  9.37081567e-01 -7.91074967e-03]
()
Current values
[1.219264958663662, 0.11625872858531029, 0.5417201952150013]
[-0.3484737536412707, 7.196330464721498e-05, 0.9372858953758106, -0.00782228700643152]
Quaternion in openCV Convention: 
 [ 0.63911367  0.64698651 -0.29800581 -0.29005715]
Rotation in openCV Convention: 
 [[-0.01479959  0.65411944 -0.75624648  0.        ]
 [ 0.99987484  0.00545095 -0.01485252  0.        ]
 [-0.00559307 -0.75637163 -0.65411824  0.        ]
 [ 0.          0.          0.          1.        ]]
-----------------------------------
------------------------------------
Translation mean : 
[1.21098477 0.11574848 0.54194545]
()
Rotation mean : 
[-3.48973206e-01  4.07526092e-05  9.37098594e-01 -7.90337778e-03]
()
Current values
[1.219264958663662, 0.11625872858531029, 0.5417201952150013]
[-0.3484737536412707, 7.196330464721498e-05, 0.9372858953758106, -0.00782228700643152]
Quaternion in openCV Convention: 
 [ 0.63910459  0.64696721 -0.29803476 -0.29009063]
Rotation in openCV Convention: 
 [[-0.01478407  0.6540462  -0.75631012  0.        ]
 [ 0.99987507  0.00543976 -0.01484095  0.        ]
 [-0.00559252 -0.75643504 -0.65404491  0.        ]
 [ 0.          0.          0.          1.        ]]
-----------------------------------
------------------------------------
Translation mean : 
[1.21162171 0.11578773 0.54192813]
()
Rotation mean : 
[-3.48934787e-01  4.31534319e-05  9.37113002e-01 -7.89714003e-03]
()
Current values
[1.219264958663662, 0.11625872858531029, 0.5417201952150013]
[-0.3484737536412707, 7.196330464721498e-05, 0.9372858953758106, -0.00782228700643152]
Quaternion in openCV Convention: 
 [ 0.6390969   0.64695089 -0.29805925 -0.29011896]
Rotation in openCV Convention: 
 [[-0.01477093  0.65398423 -0.75636397  0.        ]
 [ 0.99987527  0.0054303  -0.01483116  0.        ]
 [-0.00559206 -0.75648869 -0.65398287  0.        ]
 [ 0.          0.          0.          1.        ]]
-----------------------------------
------------------------------------
Translation mean : 
[1.21216765 0.11582137 0.54191327]
()
Rotation mean : 
[-3.48901856e-01  4.52112800e-05  9.37125352e-01 -7.89179339e-03]
()
Current values
[1.219264958663662, 0.11625872858531029, 0.5417201952150013]
[-0.3484737536412707, 7.196330464721498e-05, 0.9372858953758106, -0.00782228700643152]
Quaternion in openCV Convention: 
 [ 0.63909031  0.64693689 -0.29808025 -0.29014325]
Rotation in openCV Convention: 
 [[-0.01475967  0.6539311  -0.75641012  0.        ]
 [ 0.99987543  0.00542219 -0.01482277  0.        ]
 [-0.00559167 -0.75653467 -0.65392968  0.        ]
 [ 0.          0.          0.          1.        ]]
-----------------------------------
------------------------------------
Translation mean : 
[1.21264081 0.11585053 0.5419004 ]
()
Rotation mean : 
[-3.48873316e-01  4.69947483e-05  9.37136055e-01 -7.88715963e-03]
()
Current values
[1.219264958663662, 0.11625872858531029, 0.5417201952150013]
[-0.3484737536412707, 7.196330464721498e-05, 0.9372858953758106, -0.00782228700643152]
Quaternion in openCV Convention: 
 [ 0.6390846   0.64692477 -0.29809845 -0.29016429]
Rotation in openCV Convention: 
 [[-0.01474991  0.65388506 -0.75645011  0.        ]
 [ 0.99987558  0.00541516 -0.01481549  0.        ]
 [-0.00559133 -0.75657452 -0.65388358  0.        ]
 [ 0.          0.          0.          1.        ]]
-----------------------------------
------------------------------------
Translation mean : 
[1.21305482 0.11587604 0.54188914]
()
Rotation mean : 
[-3.48848343e-01  4.85552831e-05  9.37145420e-01 -7.88310509e-03]
()
Current values
[1.219264958663662, 0.11625872858531029, 0.5417201952150013]
[-0.3484737536412707, 7.196330464721498e-05, 0.9372858953758106, -0.00782228700643152]
Quaternion in openCV Convention: 
 [ 0.63907961  0.64691416 -0.29811437 -0.29018271]
Rotation in openCV Convention: 
 [[-0.01474137  0.65384477 -0.7564851   0.        ]
 [ 0.99987571  0.00540902 -0.01480913  0.        ]
 [-0.00559103 -0.75660938 -0.65384324  0.        ]
 [ 0.          0.          0.          1.        ]]
-----------------------------------
------------------------------------
Translation mean : 
[1.21342012 0.11589855 0.5418792 ]
()
Rotation mean : 
[-3.48826309e-01  4.99322255e-05  9.37153683e-01 -7.87952755e-03]
()
Current values
[1.219264958663662, 0.11625872858531029, 0.5417201952150013]
[-0.3484737536412707, 7.196330464721498e-05, 0.9372858953758106, -0.00782228700643152]
Quaternion in openCV Convention: 
 [ 0.6390752   0.64690479 -0.29812842 -0.29019896]
Rotation in openCV Convention: 
 [[-0.01473384  0.65380922 -0.75651597  0.        ]
 [ 0.99987582  0.00540359 -0.01480351  0.        ]
 [-0.00559077 -0.75664014 -0.65380765  0.        ]
 [ 0.          0.          0.          1.        ]]
-----------------------------------
------------------------------------
Translation mean : 
[1.21374483 0.11591856 0.54187037]
()
Rotation mean : 
[-3.48806722e-01  5.11561743e-05  9.37161028e-01 -7.87634752e-03]
()
Current values
[1.219264958663662, 0.11625872858531029, 0.5417201952150013]
[-0.3484737536412707, 7.196330464721498e-05, 0.9372858953758106, -0.00782228700643152]
Quaternion in openCV Convention: 
 [ 0.63907128  0.64689647 -0.2981409  -0.2902134 ]
Rotation in openCV Convention: 
 [[-0.01472714  0.65377762 -0.75654341  0.        ]
 [ 0.99987592  0.00539877 -0.01479851  0.        ]
 [-0.00559053 -0.75666748 -0.65377601  0.        ]
 [ 0.          0.          0.          1.        ]]
-----------------------------------
------------------------------------
Translation mean : 
[1.21403537 0.11593647 0.54186246]
()
Rotation mean : 
[-3.48789198e-01  5.22512865e-05  9.37167600e-01 -7.87350223e-03]
()
Current values
[1.219264958663662, 0.11625872858531029, 0.5417201952150013]
[-0.3484737536412707, 7.196330464721498e-05, 0.9372858953758106, -0.00782228700643152]
Quaternion in openCV Convention: 
 [ 0.63906777  0.64688902 -0.29815208 -0.29022632]
Rotation in openCV Convention: 
 [[-0.01472115  0.65374934 -0.75656797  0.        ]
 [ 0.99987601  0.00539445 -0.01479405  0.        ]
 [-0.00559033 -0.75669194 -0.65374769  0.        ]
 [ 0.          0.          0.          1.        ]]
-----------------------------------
------------------------------------
Translation mean : 
[1.21429684 0.11595258 0.54185535]
()
Rotation mean : 
[-3.48773425e-01  5.32368874e-05  9.37173515e-01 -7.87094147e-03]
()
Current values
[1.219264958663662, 0.11625872858531029, 0.5417201952150013]
[-0.3484737536412707, 7.196330464721498e-05, 0.9372858953758106, -0.00782228700643152]
Quaternion in openCV Convention: 
 [ 0.63906462  0.64688232 -0.29816213 -0.29023796]
Rotation in openCV Convention: 
 [[-0.01471575  0.65372389 -0.75659006  0.        ]
 [ 0.99987609  0.00539057 -0.01479002  0.        ]
 [-0.00559014 -0.75671396 -0.65372221  0.        ]
 [ 0.          0.          0.          1.        ]]
-----------------------------------
------------------------------------
Translation mean : 
[1.21453342 0.11596716 0.54184891]
()
Rotation mean : 
[-3.48759155e-01  5.41286215e-05  9.37178866e-01 -7.86862459e-03]
()
Current values
[1.219264958663662, 0.11625872858531029, 0.5417201952150013]
[-0.3484737536412707, 7.196330464721498e-05, 0.9372858953758106, -0.00782228700643152]
Quaternion in openCV Convention: 
 [ 0.63906176  0.64687626 -0.29817123 -0.29024848]
Rotation in openCV Convention: 
 [[-0.01471087  0.65370086 -0.75661005  0.        ]
 [ 0.99987616  0.00538706 -0.01478639  0.        ]
 [-0.00558997 -0.75673388 -0.65369916  0.        ]
 [ 0.          0.          0.          1.        ]]
-----------------------------------
------------------------------------
Translation mean : 
[1.21474849 0.11598041 0.54184306]
()
Rotation mean : 
[-3.48746182e-01  5.49392889e-05  9.37183731e-01 -7.86651834e-03]
()
Current values
[1.219264958663662, 0.11625872858531029, 0.5417201952150013]
[-0.3484737536412707, 7.196330464721498e-05, 0.9372858953758106, -0.00782228700643152]
Quaternion in openCV Convention: 
 [ 0.63905917  0.64687075 -0.2981795  -0.29025805]
Rotation in openCV Convention: 
 [[-0.01470644  0.65367993 -0.75662822  0.        ]
 [ 0.99987623  0.00538386 -0.01478308  0.        ]
 [-0.00558982 -0.75675198 -0.6536782   0.        ]
 [ 0.          0.          0.          1.        ]]
-----------------------------------
------------------------------------
Translation mean : 
[1.21494486 0.11599251 0.54183772]
()
Rotation mean : 
[-3.48734338e-01  5.56794635e-05  9.37188173e-01 -7.86459524e-03]
()
Current values
[1.219264958663662, 0.11625872858531029, 0.5417201952150013]
[-0.3484737536412707, 7.196330464721498e-05, 0.9372858953758106, -0.00782228700643152]
Quaternion in openCV Convention: 
 [ 0.6390568   0.64686571 -0.29818706 -0.29026678]
Rotation in openCV Convention: 
 [[-0.01470239  0.65366082 -0.75664482  0.        ]
 [ 0.99987629  0.00538095 -0.01478006  0.        ]
 [-0.00558968 -0.75676851 -0.65365906  0.        ]
 [ 0.          0.          0.          1.        ]]
-----------------------------------
------------------------------------
Translation mean : 
[1.21512486 0.1160036  0.54183282]
()
Rotation mean : 
[-3.48723480e-01  5.63579569e-05  9.37192245e-01 -7.86283239e-03]
()
Current values
[1.219264958663662, 0.11625872858531029, 0.5417201952150013]
[-0.3484737536412707, 7.196330464721498e-05, 0.9372858953758106, -0.00782228700643152]
Quaternion in openCV Convention: 
 [ 0.63905463  0.6468611  -0.29819398 -0.29027479]
Rotation in openCV Convention: 
 [[-0.01469868  0.65364329 -0.75666003  0.        ]
 [ 0.99987635  0.00537828 -0.01477729  0.        ]
 [-0.00558955 -0.75678367 -0.65364152  0.        ]
 [ 0.          0.          0.          1.        ]]
-----------------------------------
------------------------------------
Translation mean : 
[1.21529047 0.11601381 0.54182832]
()
Rotation mean : 
[-3.48713491e-01  5.69821708e-05  9.37195991e-01 -7.86121058e-03]
()
Current values
[1.219264958663662, 0.11625872858531029, 0.5417201952150013]
[-0.3484737536412707, 7.196330464721498e-05, 0.9372858953758106, -0.00782228700643152]
Quaternion in openCV Convention: 
 [ 0.63905263  0.64685686 -0.29820035 -0.29028215]
Rotation in openCV Convention: 
 [[-0.01469526  0.65362717 -0.75667402  0.        ]
 [ 0.9998764   0.00537582 -0.01477474  0.        ]
 [-0.00558943 -0.75679761 -0.65362538  0.        ]
 [ 0.          0.          0.          1.        ]]
-----------------------------------
------------------------------------
Translation mean : 
[1.21544333 0.11602323 0.54182416]
()
Rotation mean : 
[-3.48704270e-01  5.75583683e-05  9.37199449e-01 -7.85971352e-03]
()
Current values
[1.219264958663662, 0.11625872858531029, 0.5417201952150013]
[-0.3484737536412707, 7.196330464721498e-05, 0.9372858953758106, -0.00782228700643152]
Quaternion in openCV Convention: 
 [ 0.63905078  0.64685294 -0.29820623 -0.29028895]
Rotation in openCV Convention: 
 [[-0.01469211  0.65361229 -0.75668693  0.        ]
 [ 0.99987644  0.00537355 -0.01477239  0.        ]
 [-0.00558932 -0.75681048 -0.65361048  0.        ]
 [ 0.          0.          0.          1.        ]]
-----------------------------------
------------------------------------
Translation mean : 
[1.21558487 0.11603195 0.54182031]
()
Rotation mean : 
[-3.48695733e-01  5.80918844e-05  9.37202651e-01 -7.85832735e-03]
()
Current values
[1.219264958663662, 0.11625872858531029, 0.5417201952150013]
[-0.3484737536412707, 7.196330464721498e-05, 0.9372858953758106, -0.00782228700643152]
Quaternion in openCV Convention: 
 [ 0.63904907  0.64684931 -0.29821167 -0.29029525]
Rotation in openCV Convention: 
 [[-0.01468919  0.65359851 -0.75669889  0.        ]
 [ 0.99987649  0.00537145 -0.01477021  0.        ]
 [-0.00558922 -0.75682239 -0.65359669  0.        ]
 [ 0.          0.          0.          1.        ]]
-----------------------------------
------------------------------------
Translation mean : 
[1.21571631 0.11604005 0.54181673]
()
Rotation mean : 
[-3.48687805e-01  5.85872923e-05  9.37205624e-01 -7.85704020e-03]
()
Current values
[1.219264958663662, 0.11625872858531029, 0.5417201952150013]
[-0.3484737536412707, 7.196330464721498e-05, 0.9372858953758106, -0.00782228700643152]
Quaternion in openCV Convention: 
 [ 0.63904749  0.64684594 -0.29821672 -0.2903011 ]
Rotation in openCV Convention: 
 [[-0.01468648  0.65358572 -0.75670999  0.        ]
 [ 0.99987653  0.0053695  -0.01476819  0.        ]
 [-0.00558913 -0.75683345 -0.65358388  0.        ]
 [ 0.          0.          0.          1.        ]]
-----------------------------------
------------------------------------
Translation mean : 
[1.21583867 0.11604759 0.54181341]
()
Rotation mean : 
[-3.48680424e-01  5.90485341e-05  9.37208392e-01 -7.85584181e-03]
()
Current values
[1.219264958663662, 0.11625872858531029, 0.5417201952150013]
[-0.3484737536412707, 7.196330464721498e-05, 0.9372858953758106, -0.00782228700643152]
Quaternion in openCV Convention: 
 [ 0.63904601  0.6468428  -0.29822143 -0.29030654]
Rotation in openCV Convention: 
 [[-0.01468395  0.65357381 -0.75672033  0.        ]
 [ 0.99987656  0.00536768 -0.01476631  0.        ]
 [-0.00558904 -0.75684375 -0.65357195  0.        ]
 [ 0.          0.          0.          1.        ]]
-----------------------------------
------------------------------------
Translation mean : 
[1.21595288 0.11605463 0.5418103 ]
()
Rotation mean : 
[-3.48673535e-01  5.94790265e-05  9.37210975e-01 -7.85472332e-03]
()
Current values
[1.219264958663662, 0.11625872858531029, 0.5417201952150013]
[-0.3484737536412707, 7.196330464721498e-05, 0.9372858953758106, -0.00782228700643152]
Quaternion in openCV Convention: 
 [ 0.63904463  0.64683988 -0.29822582 -0.29031162]
Rotation in openCV Convention: 
 [[-0.0146816   0.65356269 -0.75672998  0.        ]
 [ 0.9998766   0.00536598 -0.01476455  0.        ]
 [-0.00558896 -0.75685337 -0.65356082  0.        ]
 [ 0.          0.          0.          1.        ]]
-----------------------------------
------------------------------------
Translation mean : 
[1.21605972 0.11606121 0.54180739]
()
Rotation mean : 
[-3.48667090e-01  5.98817451e-05  9.37213392e-01 -7.85367698e-03]
()
Current values
[1.219264958663662, 0.11625872858531029, 0.5417201952150013]
[-0.3484737536412707, 7.196330464721498e-05, 0.9372858953758106, -0.00782228700643152]
Quaternion in openCV Convention: 
 [ 0.63904334  0.64683714 -0.29822993 -0.29031637]
Rotation in openCV Convention: 
 [[-0.01467939  0.65355229 -0.75673901  0.        ]
 [ 0.99987663  0.0053644  -0.01476291  0.        ]
 [-0.00558888 -0.75686236 -0.65355041  0.        ]
 [ 0.          0.          0.          1.        ]]
-----------------------------------
------------------------------------
Translation mean : 
[1.21615989 0.11606738 0.54180467]
()
Rotation mean : 
[-3.48661048e-01  6.02592939e-05  9.37215658e-01 -7.85269605e-03]
()
Current values
[1.219264958663662, 0.11625872858531029, 0.5417201952150013]
[-0.3484737536412707, 7.196330464721498e-05, 0.9372858953758106, -0.00782228700643152]
Quaternion in openCV Convention: 
 [ 0.63904213  0.64683457 -0.29823378 -0.29032083]
Rotation in openCV Convention: 
 [[-0.01467733  0.65354254 -0.75674747  0.        ]
 [ 0.99987666  0.00536291 -0.01476137  0.        ]
 [-0.00558881 -0.75687079 -0.65354064  0.        ]
 [ 0.          0.          0.          1.        ]]
-----------------------------------
------------------------------------
Translation mean : 
[1.21625398 0.11607318 0.54180211]
()
Rotation mean : 
[-3.48655373e-01  6.06139608e-05  9.37217786e-01 -7.85177456e-03]
()
Current values
[1.219264958663662, 0.11625872858531029, 0.5417201952150013]
[-0.3484737536412707, 7.196330464721498e-05, 0.9372858953758106, -0.00782228700643152]
Quaternion in openCV Convention: 
 [ 0.639041    0.64683216 -0.2982374  -0.29032501]
Rotation in openCV Convention: 
 [[-0.01467539  0.65353338 -0.75675542  0.        ]
 [ 0.99987669  0.00536151 -0.01475992  0.        ]
 [-0.00558875 -0.75687871 -0.65353147  0.        ]
 [ 0.          0.          0.          1.        ]]
-----------------------------------
------------------------------------
Translation mean : 
[1.21634254 0.11607864 0.5417997 ]
()
Rotation mean : 
[-3.48650031e-01  6.09477651e-05  9.37219789e-01 -7.85090728e-03]
()
Current values
[1.219264958663662, 0.11625872858531029, 0.5417201952150013]
[-0.3484737536412707, 7.196330464721498e-05, 0.9372858953758106, -0.00782228700643152]
Quaternion in openCV Convention: 
 [ 0.63903993  0.64682989 -0.29824081 -0.29032895]
Rotation in openCV Convention: 
 [[-0.01467356  0.65352475 -0.7567629   0.        ]
 [ 0.99987672  0.0053602  -0.01475856  0.        ]
 [-0.00558868 -0.75688616 -0.65352284  0.        ]
 [ 0.          0.          0.          1.        ]]
-----------------------------------
------------------------------------
Translation mean : 
[1.21642604 0.11608379 0.54179743]
()
Rotation mean : 
[-3.48644995e-01  6.12624948e-05  9.37221678e-01 -7.85008956e-03]
()
Current values
[1.219264958663662, 0.11625872858531029, 0.5417201952150013]
[-0.3484737536412707, 7.196330464721498e-05, 0.9372858953758106, -0.00782228700643152]
Quaternion in openCV Convention: 
 [ 0.63903892  0.64682775 -0.29824402 -0.29033267]
Rotation in openCV Convention: 
 [[-0.01467184  0.65351663 -0.75676995  0.        ]
 [ 0.99987674  0.00535896 -0.01475727  0.        ]
 [-0.00558863 -0.75689319 -0.6535147   0.        ]
 [ 0.          0.          0.          1.        ]]
-----------------------------------
------------------------------------
Translation mean : 
[1.2165049  0.11608865 0.54179528]
()
Rotation mean : 
[-3.48640238e-01  6.15597395e-05  9.37223462e-01 -7.84931726e-03]
()
Current values
[1.219264958663662, 0.11625872858531029, 0.5417201952150013]
[-0.3484737536412707, 7.196330464721498e-05, 0.9372858953758106, -0.00782228700643152]
Quaternion in openCV Convention: 
 [ 0.63903797  0.64682573 -0.29824705 -0.29033617]
Rotation in openCV Convention: 
 [[-0.01467021  0.65350895 -0.75677661  0.        ]
 [ 0.99987677  0.00535779 -0.01475606  0.        ]
 [-0.00558857 -0.75689983 -0.65350702  0.        ]
 [ 0.          0.          0.          1.        ]]
-----------------------------------
------------------------------------
Translation mean : 
[1.21657949 0.11609324 0.54179325]
()
Rotation mean : 
[-3.48635738e-01  6.18409169e-05  9.37225149e-01 -7.84858672e-03]
()
Current values
[1.219264958663662, 0.11625872858531029, 0.5417201952150013]
[-0.3484737536412707, 7.196330464721498e-05, 0.9372858953758106, -0.00782228700643152]
Quaternion in openCV Convention: 
 [ 0.63903707  0.64682382 -0.29824992 -0.29033949]
Rotation in openCV Convention: 
 [[-0.01466867  0.65350169 -0.75678291  0.        ]
 [ 0.99987679  0.00535668 -0.01475491  0.        ]
 [-0.00558852 -0.75690611 -0.65349974  0.        ]
 [ 0.          0.          0.          1.        ]]
-----------------------------------
------------------------------------
Translation mean : 
[1.21665016 0.1160976  0.54179133]
()
Rotation mean : 
[-3.48631476e-01  6.21072956e-05  9.37226748e-01 -7.84789462e-03]
()
Current values
[1.219264958663662, 0.11625872858531029, 0.5417201952150013]
[-0.3484737536412707, 7.196330464721498e-05, 0.9372858953758106, -0.00782228700643152]
Quaternion in openCV Convention: 
 [ 0.63903622  0.64682201 -0.29825264 -0.29034264]
Rotation in openCV Convention: 
 [[-0.01466722  0.65349481 -0.75678888  0.        ]
 [ 0.99987681  0.00535563 -0.01475383  0.        ]
 [-0.00558847 -0.75691205 -0.65349286  0.        ]
 [ 0.          0.          0.          1.        ]]
-----------------------------------
------------------------------------
Translation mean : 
[1.21671721 0.11610173 0.54178951]
()
Rotation mean : 
[-3.48627431e-01  6.23600137e-05  9.37228264e-01 -7.84723801e-03]
()
Current values
[1.219264958663662, 0.11625872858531029, 0.5417201952150013]
[-0.3484737536412707, 7.196330464721498e-05, 0.9372858953758106, -0.00782228700643152]
Quaternion in openCV Convention: 
 [ 0.63903541  0.64682029 -0.29825522 -0.29034562]
Rotation in openCV Convention: 
 [[-0.01466583  0.65348828 -0.75679455  0.        ]
 [ 0.99987683  0.00535464 -0.01475279  0.        ]
 [-0.00558842 -0.7569177  -0.65348632  0.        ]
 [ 0.          0.          0.          1.        ]]
-----------------------------------
------------------------------------
Translation mean : 
[1.2167809  0.11610565 0.54178777]
()
Rotation mean : 
[-3.48623589e-01  6.26000960e-05  9.37229705e-01 -7.84661424e-03]
()
Current values
[1.219264958663662, 0.11625872858531029, 0.5417201952150013]
[-0.3484737536412707, 7.196330464721498e-05, 0.9372858953758106, -0.00782228700643152]
Quaternion in openCV Convention: 
 [ 0.63903464  0.64681865 -0.29825766 -0.29034845]
Rotation in openCV Convention: 
 [[-0.01466452  0.65348208 -0.75679993  0.        ]
 [ 0.99987685  0.00535369 -0.01475182  0.        ]
 [-0.00558837 -0.75692306 -0.65348011  0.        ]
 [ 0.          0.          0.          1.        ]]
-----------------------------------
------------------------------------
Translation mean : 
[1.21684149 0.11610939 0.54178612]
()
Rotation mean : 
[-3.48619935e-01  6.28284670e-05  9.37231076e-01 -7.84602089e-03]
()
Current values
[1.219264958663662, 0.11625872858531029, 0.5417201952150013]
[-0.3484737536412707, 7.196330464721498e-05, 0.9372858953758106, -0.00782228700643152]
Quaternion in openCV Convention: 
 [ 0.63903391  0.6468171  -0.29825999 -0.29035115]
Rotation in openCV Convention: 
 [[-0.01466327  0.65347618 -0.75680504  0.        ]
 [ 0.99987687  0.00535279 -0.01475088  0.        ]
 [-0.00558833 -0.75692816 -0.65347421  0.        ]
 [ 0.          0.          0.          1.        ]]
-----------------------------------
------------------------------------
Translation mean : 
[1.21689919 0.11611294 0.54178456]
()
Rotation mean : 
[-3.48616454e-01  6.30459631e-05  9.37232381e-01 -7.84545580e-03]
()
Current values
[1.219264958663662, 0.11625872858531029, 0.5417201952150013]
[-0.3484737536412707, 7.196330464721498e-05, 0.9372858953758106, -0.00782228700643152]
Quaternion in openCV Convention: 
 [ 0.63903321  0.64681562 -0.29826221 -0.29035371]
Rotation in openCV Convention: 
 [[-0.01466208  0.65347056 -0.75680992  0.        ]
 [ 0.99987689  0.00535194 -0.01475     0.        ]
 [-0.00558829 -0.75693301 -0.65346858  0.        ]
 [ 0.          0.          0.          1.        ]]
-----------------------------------
------------------------------------
Translation mean : 
[1.21695421 0.11611633 0.54178306]
()
Rotation mean : 
[-3.48613136e-01  6.32533431e-05  9.37233625e-01 -7.84491699e-03]
()
Current values
[1.219264958663662, 0.11625872858531029, 0.5417201952150013]
[-0.3484737536412707, 7.196330464721498e-05, 0.9372858953758106, -0.00782228700643152]
Quaternion in openCV Convention: 
 [ 0.63903255  0.64681421 -0.29826433 -0.29035616]
Rotation in openCV Convention: 
 [[-0.01466094  0.6534652  -0.75681456  0.        ]
 [ 0.99987691  0.00535112 -0.01474915  0.        ]
 [-0.00558825 -0.75693764 -0.65346322  0.        ]
 [ 0.          0.          0.          1.        ]]
-----------------------------------
------------------------------------
Translation mean : 
[1.21700673 0.11611957 0.54178163]
()
Rotation mean : 
[-3.48609968e-01  6.34512968e-05  9.37234813e-01 -7.84440267e-03]
()
Current values
[1.219264958663662, 0.11625872858531029, 0.5417201952150013]
[-0.3484737536412707, 7.196330464721498e-05, 0.9372858953758106, -0.00782228700643152]
Quaternion in openCV Convention: 
 [ 0.63903191  0.64681287 -0.29826635 -0.2903585 ]
Rotation in openCV Convention: 
 [[-0.01465986  0.65346009 -0.756819    0.        ]
 [ 0.99987692  0.00535034 -0.01474834  0.        ]
 [-0.00558821 -0.75694206 -0.6534581   0.        ]
 [ 0.          0.          0.          1.        ]]
-----------------------------------
------------------------------------
Translation mean : 
[1.21705691 0.11612266 0.54178026]
()
Rotation mean : 
[-3.48606941e-01  6.36404525e-05  9.37235948e-01 -7.84391121e-03]
()
Current values
[1.219264958663662, 0.11625872858531029, 0.5417201952150013]
[-0.3484737536412707, 7.196330464721498e-05, 0.9372858953758106, -0.00782228700643152]
Quaternion in openCV Convention: 
 [ 0.63903131  0.64681158 -0.29826828 -0.29036073]
Rotation in openCV Convention: 
 [[-0.01465883  0.6534552  -0.75682324  0.        ]
 [ 0.99987694  0.00534959 -0.01474757  0.        ]
 [-0.00558818 -0.75694628 -0.65345321  0.        ]
 [ 0.          0.          0.          1.        ]]
-----------------------------------
------------------------------------
Translation mean : 
[1.21710491 0.11612562 0.54177896]
()
Rotation mean : 
[-3.48604046e-01  6.38213841e-05  9.37237034e-01 -7.84344112e-03]
()
Current values
[1.219264958663662, 0.11625872858531029, 0.5417201952150013]
[-0.3484737536412707, 7.196330464721498e-05, 0.9372858953758106, -0.00782228700643152]
Quaternion in openCV Convention: 
 [ 0.63903073  0.64681035 -0.29827013 -0.29036286]
Rotation in openCV Convention: 
 [[-0.01465784  0.65345053 -0.75682729  0.        ]
 [ 0.99987695  0.00534888 -0.01474683  0.        ]
 [-0.00558814 -0.75695032 -0.65344853  0.        ]
 [ 0.          0.          0.          1.        ]]
-----------------------------------
------------------------------------
Translation mean : 
[1.21715087 0.11612845 0.54177771]
()
Rotation mean : 
[-3.48601274e-01  6.39946164e-05  9.37238074e-01 -7.84299103e-03]
()
Current values
[1.219264958663662, 0.11625872858531029, 0.5417201952150013]
[-0.3484737536412707, 7.196330464721498e-05, 0.9372858953758106, -0.00782228700643152]
Quaternion in openCV Convention: 
 [ 0.63903018  0.64680917 -0.29827189 -0.29036491]
Rotation in openCV Convention: 
 [[-0.01465689  0.65344606 -0.75683118  0.        ]
 [ 0.99987697  0.0053482  -0.01474612  0.        ]
 [-0.00558811 -0.75695419 -0.65344405  0.        ]
 [ 0.          0.          0.          1.        ]]
-----------------------------------
------------------------------------
Translation mean : 
[1.21719491 0.11613117 0.54177651]
()
Rotation mean : 
[-3.48598617e-01  6.41606308e-05  9.37239070e-01 -7.84255970e-03]
()
Current values
[1.219264958663662, 0.11625872858531029, 0.5417201952150013]
[-0.3484737536412707, 7.196330464721498e-05, 0.9372858953758106, -0.00782228700643152]
Quaternion in openCV Convention: 
 [ 0.63902964  0.64680804 -0.29827359 -0.29036687]
Rotation in openCV Convention: 
 [[-0.01465598  0.65344177 -0.7568349   0.        ]
 [ 0.99987698  0.00534755 -0.01474545  0.        ]
 [-0.00558808 -0.7569579  -0.65343976  0.        ]
 [ 0.          0.          0.          1.        ]]
-----------------------------------
------------------------------------
Translation mean : 
[1.21723716 0.11613377 0.54177536]
()
Rotation mean : 
[-3.48596069e-01  6.43198690e-05  9.37240026e-01 -7.84214597e-03]
()
Current values
[1.219264958663662, 0.11625872858531029, 0.5417201952150013]
[-0.3484737536412707, 7.196330464721498e-05, 0.9372858953758106, -0.00782228700643152]
Quaternion in openCV Convention: 
 [ 0.63902913  0.64680696 -0.29827521 -0.29036875]
Rotation in openCV Convention: 
 [[-0.01465511  0.65343765 -0.75683846  0.        ]
 [ 0.99987699  0.00534692 -0.0147448   0.        ]
 [-0.00558805 -0.75696145 -0.65343564  0.        ]
 [ 0.          0.          0.          1.        ]]
-----------------------------------
------------------------------------
Translation mean : 
[1.21727771 0.11613627 0.54177426]
()
Rotation mean : 
[-3.48593622e-01  6.44727377e-05  9.37240943e-01 -7.84174879e-03]
()
Current values
[1.219264958663662, 0.11625872858531029, 0.5417201952150013]
[-0.3484737536412707, 7.196330464721498e-05, 0.9372858953758106, -0.00782228700643152]
Quaternion in openCV Convention: 
 [ 0.63902864  0.64680592 -0.29827677 -0.29037055]
Rotation in openCV Convention: 
 [[-0.01465427  0.65343371 -0.75684189  0.        ]
 [ 0.99987701  0.00534632 -0.01474417  0.        ]
 [-0.00558802 -0.75696487 -0.65343168  0.        ]
 [ 0.          0.          0.          1.        ]]
-----------------------------------
------------------------------------
Translation mean : 
[1.21731668 0.11613867 0.5417732 ]
()
Rotation mean : 
[-3.48591272e-01  6.46196116e-05  9.37241825e-01 -7.84136719e-03]
()
Current values
[1.219264958663662, 0.11625872858531029, 0.5417201952150013]
[-0.3484737536412707, 7.196330464721498e-05, 0.9372858953758106, -0.00782228700643152]
Quaternion in openCV Convention: 
 [ 0.63902817  0.64680492 -0.29827827 -0.29037228]
Rotation in openCV Convention: 
 [[-0.01465347  0.65342991 -0.75684518  0.        ]
 [ 0.99987702  0.00534574 -0.01474357  0.        ]
 [-0.00558799 -0.75696815 -0.65342788  0.        ]
 [ 0.          0.          0.          1.        ]]
-----------------------------------
------------------------------------
Translation mean : 
[1.21735415 0.11614098 0.54177218]
()
Rotation mean : 
[-3.48589012e-01  6.47608365e-05  9.37242672e-01 -7.84100026e-03]
()
Current values
[1.219264958663662, 0.11625872858531029, 0.5417201952150013]
[-0.3484737536412707, 7.196330464721498e-05, 0.9372858953758106, -0.00782228700643152]
Quaternion in openCV Convention: 
 [ 0.63902772  0.64680396 -0.29827971 -0.29037395]
Rotation in openCV Convention: 
 [[-0.0146527   0.65342626 -0.75684834  0.        ]
 [ 0.99987703  0.00534518 -0.014743    0.        ]
 [-0.00558797 -0.7569713  -0.65342423  0.        ]
 [ 0.          0.          0.          1.        ]]
-----------------------------------
------------------------------------
Translation mean : 
[1.2173902 0.1161432 0.5417712]
()
Rotation mean : 
[-3.48586837e-01  6.48967321e-05  9.37243488e-01 -7.84064718e-03]
()
Current values
[1.219264958663662, 0.11625872858531029, 0.5417201952150013]
[-0.3484737536412707, 7.196330464721498e-05, 0.9372858953758106, -0.00782228700643152]
Quaternion in openCV Convention: 
 [ 0.63902729  0.64680304 -0.2982811  -0.29037555]
Rotation in openCV Convention: 
 [[-0.01465195  0.65342275 -0.75685139  0.        ]
 [ 0.99987704  0.00534465 -0.01474244  0.        ]
 [-0.00558794 -0.75697433 -0.65342072  0.        ]
 [ 0.          0.          0.          1.        ]]
-----------------------------------
------------------------------------
Translation mean : 
[1.21742492 0.11614534 0.54177025]
()
Rotation mean : 
[-3.48584743e-01  6.50275945e-05  9.37244273e-01 -7.84030718e-03]
()
Current values
[1.219264958663662, 0.11625872858531029, 0.5417201952150013]
[-0.3484737536412707, 7.196330464721498e-05, 0.9372858953758106, -0.00782228700643152]
Quaternion in openCV Convention: 
 [ 0.63902687  0.64680215 -0.29828243 -0.2903771 ]
Rotation in openCV Convention: 
 [[-0.01465124  0.65341937 -0.75685432  0.        ]
 [ 0.99987705  0.00534413 -0.01474191  0.        ]
 [-0.00558792 -0.75697725 -0.65341733  0.        ]
 [ 0.          0.          0.          1.        ]]
-----------------------------------
------------------------------------
Translation mean : 
[1.21745837 0.1161474  0.54176934]
()
Rotation mean : 
[-3.48582725e-01  6.51536984e-05  9.37245030e-01 -7.83997954e-03]
()
Current values
[1.219264958663662, 0.11625872858531029, 0.5417201952150013]
[-0.3484737536412707, 7.196330464721498e-05, 0.9372858953758106, -0.00782228700643152]
Quaternion in openCV Convention: 
 [ 0.63902646  0.64680129 -0.29828372 -0.29037859]
Rotation in openCV Convention: 
 [[-0.01465055  0.65341612 -0.75685715  0.        ]
 [ 0.99987706  0.00534363 -0.01474139  0.        ]
 [-0.00558789 -0.75698007 -0.65341407  0.        ]
 [ 0.          0.          0.          1.        ]]
-----------------------------------
------------------------------------
Translation mean : 
[1.21748664 0.11614061 0.54176953]
()
Rotation mean : 
[-3.48581899e-01  5.70320343e-05  9.37245457e-01 -7.82510828e-03]
()
Current values
[1.2190415913415378, 0.11576714502096164, 0.5417796887237187]
[-0.3485364783908071, -0.0003896594871886771, 0.9372689425637826, -0.007007189292968333]
Quaternion in openCV Convention: 
 [ 0.63902964  0.64679772 -0.29827285 -0.29039071]
Rotation in openCV Convention: 
 [[-0.01462834  0.65341474 -0.75685876  0.        ]
 [ 0.99987753  0.00534848 -0.01470786  0.        ]
 [-0.00556229 -0.75698122 -0.65341296  0.        ]
 [ 0.          0.          0.          1.        ]]
-----------------------------------
------------------------------------
Translation mean : 
[1.21751493 0.11613553 0.5417671 ]
()
Rotation mean : 
[-3.48578468e-01  5.22677059e-05  9.37246839e-01 -7.81220039e-03]
()
Current values
[1.2190987351268803, 0.11585070933065311, 0.5416310765553016]
[-0.34838628570116675, -0.0002145346874039486, 0.9373242186715142, -0.007089358366507409]
Quaternion in openCV Convention: 
 [ 0.63903269  0.64679262 -0.29826642 -0.29040195]
Rotation in openCV Convention: 
 [[-0.01460749  0.6534092  -0.75686395  0.        ]
 [ 0.99987793  0.00534836 -0.01468036  0.        ]
 [-0.00554431 -0.75698601 -0.65340757  0.        ]
