------------------------------------
Translation mean : 
[1.21867009 0.11608782 0.54134174]
()
Rotation mean : 
[-3.48558635e-01 -1.08023059e-04  9.37259409e-01 -7.18799090e-03]
()
Current values
[1.218670087337298, 0.11608782314794512, 0.5413417446404132]
[-0.34855863532606934, -0.00010802305867940384, 0.9372594085190139, -0.007187990903947477]
Quaternion in openCV Convention: 
 [ 0.63926101  0.64655703 -0.29789037 -0.2908104 ]
Rotation in openCV Convention: 
 [[-0.01354933  0.65337817 -0.75691042  0.        ]
 [ 0.99989664  0.00521336 -0.01339872  0.        ]
 [-0.00480838 -0.75701373 -0.65338127  0.        ]
 [ 0.          0.          0.          1.        ]]
-----------------------------------
------------------------------------
Translation mean : 
[1.21867009 0.11608782 0.54134174]
()
Rotation mean : 
[-3.48558635e-01 -1.08023059e-04  9.37259409e-01 -7.18799090e-03]
()
Current values
[1.218670087337298, 0.11608782314794512, 0.5413417446404132]
[-0.34855863532606934, -0.00010802305867940384, 0.9372594085190139, -0.007187990903947477]
Quaternion in openCV Convention: 
 [ 0.63926101  0.64655703 -0.29789037 -0.2908104 ]
Rotation in openCV Convention: 
 [[-0.01354933  0.65337817 -0.75691042  0.        ]
 [ 0.99989664  0.00521336 -0.01339872  0.        ]
 [-0.00480838 -0.75701373 -0.65338127  0.        ]
 [ 0.          0.          0.          1.        ]]
-----------------------------------
------------------------------------
Translation mean : 
[1.21867009 0.11608782 0.54134174]
()
Rotation mean : 
[-3.48558635e-01 -1.08023059e-04  9.37259409e-01 -7.18799090e-03]
()
Current values
[1.218670087337298, 0.11608782314794512, 0.5413417446404132]
[-0.34855863532606934, -0.00010802305867940384, 0.9372594085190139, -0.007187990903947477]
Quaternion in openCV Convention: 
 [ 0.63926101  0.64655703 -0.29789037 -0.2908104 ]
Rotation in openCV Convention: 
 [[-0.01354933  0.65337817 -0.75691042  0.        ]
 [ 0.99989664  0.00521336 -0.01339872  0.        ]
 [-0.00480838 -0.75701373 -0.65338127  0.        ]
 [ 0.          0.          0.          1.        ]]
-----------------------------------
------------------------------------
Translation mean : 
[1.21867009 0.11608782 0.54134174]
()
Rotation mean : 
[-3.48558635e-01 -1.08023059e-04  9.37259409e-01 -7.18799090e-03]
()
Current values
[1.218670087337298, 0.11608782314794512, 0.5413417446404132]
[-0.34855863532606934, -0.00010802305867940384, 0.9372594085190139, -0.007187990903947477]
Quaternion in openCV Convention: 
 [ 0.63926101  0.64655703 -0.29789037 -0.2908104 ]
Rotation in openCV Convention: 
 [[-0.01354933  0.65337817 -0.75691042  0.        ]
 [ 0.99989664  0.00521336 -0.01339872  0.        ]
 [-0.00480838 -0.75701373 -0.65338127  0.        ]
 [ 0.          0.          0.          1.        ]]
-----------------------------------
------------------------------------
Translation mean : 
[1.21867009 0.11608782 0.54134174]
()
Rotation mean : 
[-3.48558635e-01 -1.08023059e-04  9.37259409e-01 -7.18799090e-03]
()
Current values
[1.218670087337298, 0.11608782314794512, 0.5413417446404132]
[-0.34855863532606934, -0.00010802305867940384, 0.9372594085190139, -0.007187990903947477]
Quaternion in openCV Convention: 
 [ 0.63926101  0.64655703 -0.29789037 -0.2908104 ]
Rotation in openCV Convention: 
 [[-0.01354933  0.65337817 -0.75691042  0.        ]
 [ 0.99989664  0.00521336 -0.01339872  0.        ]
 [-0.00480838 -0.75701373 -0.65338127  0.        ]
 [ 0.          0.          0.          1.        ]]
-----------------------------------
------------------------------------
Translation mean : 
[1.21867009 0.11608782 0.54134174]
()
Rotation mean : 
[-3.48558635e-01 -1.08023059e-04  9.37259409e-01 -7.18799090e-03]
()
Current values
[1.218670087337298, 0.11608782314794512, 0.5413417446404132]
[-0.34855863532606934, -0.00010802305867940384, 0.9372594085190139, -0.007187990903947477]
Quaternion in openCV Convention: 
 [ 0.63926101  0.64655703 -0.29789037 -0.2908104 ]
Rotation in openCV Convention: 
 [[-0.01354933  0.65337817 -0.75691042  0.        ]
 [ 0.99989664  0.00521336 -0.01339872  0.        ]
 [-0.00480838 -0.75701373 -0.65338127  0.        ]
 [ 0.          0.          0.          1.        ]]
-----------------------------------
------------------------------------
Translation mean : 
[1.21866389 0.1161048  0.54131553]
()
Rotation mean : 
[-3.48547190e-01 -1.12618270e-04  9.37263557e-01 -7.20189987e-03]
()
Current values
[1.2186266864362194, 0.11620665075472666, 0.5411582609627004]
[-0.34847851580157996, -0.00014018954091594114, 0.937288444393593, -0.007285353653669453]
Quaternion in openCV Convention: 
 [ 0.63924811  0.64656263 -0.29790282 -0.29081354]
Rotation in openCV Convention: 
 [[-0.01357866  0.65335954 -0.75692598  0.        ]
 [ 0.99989624  0.00523151 -0.01342165  0.        ]
 [-0.0048093  -0.75702969 -0.65336278  0.        ]
 [ 0.          0.          0.          1.        ]]
-----------------------------------
------------------------------------
Translation mean : 
[1.21865924 0.11611753 0.54129712]
()
Rotation mean : 
[-3.48538605e-01 -1.16064679e-04  9.37266667e-01 -7.21233159e-03]
()
Current values
[1.2186266864362194, 0.11620665075472666, 0.5411682596418614]
[-0.34847851580157996, -0.00014018954091594114, 0.937288444393593, -0.007285353653669453]
Quaternion in openCV Convention: 
 [ 0.63923844  0.64656683 -0.29791216 -0.2908159 ]
Rotation in openCV Convention: 
 [[-0.01360066  0.65334556 -0.75693764  0.        ]
 [ 0.99989594  0.00524512 -0.01343885  0.        ]
 [-0.00480998 -0.75704165 -0.65334891  0.        ]
 [ 0.          0.          0.          1.        ]]
-----------------------------------
------------------------------------
Translation mean : 
[1.21865562 0.11612743 0.54128281]
()
Rotation mean : 
[-3.48531929e-01 -1.18745219e-04  9.37269087e-01 -7.22044515e-03]
()
Current values
[1.2186266864362194, 0.11620665075472666, 0.5411682596418614]
[-0.34847851580157996, -0.00014018954091594114, 0.937288444393593, -0.007285353653669453]
Quaternion in openCV Convention: 
 [ 0.63923091  0.6465701  -0.29791943 -0.29081773]
Rotation in openCV Convention: 
 [[-0.01361777  0.65333469 -0.75694672  0.        ]
 [ 0.9998957   0.0052557  -0.01345223  0.        ]
 [-0.00481052 -0.75705096 -0.65333812  0.        ]
 [ 0.          0.          0.          1.        ]]
-----------------------------------
------------------------------------
Translation mean : 
[1.21865273 0.11613535 0.54127135]
()
Rotation mean : 
[-3.48526588e-01 -1.20889652e-04  9.37271023e-01 -7.22693600e-03]
()
Current values
[1.2186266864362194, 0.11620665075472666, 0.5411682596418614]
[-0.34847851580157996, -0.00014018954091594114, 0.937288444393593, -0.007285353653669453]
Quaternion in openCV Convention: 
 [ 0.63922489  0.64657272 -0.29792524 -0.29081919]
Rotation in openCV Convention: 
 [[-0.01363146  0.653326   -0.75695398  0.        ]
 [ 0.99989551  0.00526417 -0.01346293  0.        ]
 [-0.00481095 -0.75705841 -0.65332949  0.        ]
 [ 0.          0.          0.          1.        ]]
-----------------------------------
------------------------------------
Translation mean : 
[1.21865036 0.11614184 0.54126198]
()
Rotation mean : 
[-3.48522217e-01 -1.22644187e-04  9.37272607e-01 -7.23224670e-03]
()
Current values
[1.2186266864362194, 0.11620665075472666, 0.5411682596418614]
[-0.34847851580157996, -0.00014018954091594114, 0.937288444393593, -0.007285353653669453]
Quaternion in openCV Convention: 
 [ 0.63921997  0.64657486 -0.29793    -0.29082039]
Rotation in openCV Convention: 
 [[-0.01364266  0.65331888 -0.75695992  0.        ]
 [ 0.99989536  0.0052711  -0.01347169  0.        ]
 [-0.0048113  -0.7570645  -0.65332243  0.        ]
 [ 0.          0.          0.          1.        ]]
-----------------------------------
------------------------------------
Translation mean : 
[1.21864839 0.11614724 0.54125417]
()
Rotation mean : 
[-3.48518576e-01 -1.24106300e-04  9.37273926e-01 -7.23667228e-03]
()
Current values
[1.2186266864362194, 0.11620665075472666, 0.5411682596418614]
[-0.34847851580157996, -0.00014018954091594114, 0.937288444393593, -0.007285353653669453]
Quaternion in openCV Convention: 
 [ 0.63921586  0.64657664 -0.29793396 -0.29082139]
Rotation in openCV Convention: 
 [[-0.013652    0.65331295 -0.75696487  0.        ]
 [ 0.99989523  0.00527687 -0.01347898  0.        ]
 [-0.00481159 -0.75706957 -0.65331655  0.        ]
 [ 0.          0.          0.          1.        ]]
-----------------------------------
------------------------------------
Translation mean : 
[1.21864672 0.11615181 0.54124756]
()
Rotation mean : 
[-3.48515494e-01 -1.25343472e-04  9.37275043e-01 -7.24041700e-03]
()
Current values
[1.2186266864362194, 0.11620665075472666, 0.5411682596418614]
[-0.34847851580157996, -0.00014018954091594114, 0.937288444393593, -0.007285353653669453]
Quaternion in openCV Convention: 
 [ 0.63921239  0.64657815 -0.29793731 -0.29082224]
Rotation in openCV Convention: 
 [[-0.01365989  0.65330794 -0.75696905  0.        ]
 [ 0.99989512  0.00528176 -0.01348516  0.        ]
 [-0.00481183 -0.75707387 -0.65331157  0.        ]
 [ 0.          0.          0.          1.        ]]
-----------------------------------
------------------------------------
Translation mean : 
[1.21864529 0.11615572 0.5412419 ]
()
Rotation mean : 
[-3.48512853e-01 -1.26403906e-04  9.37276000e-01 -7.24362676e-03]
()
Current values
[1.2186266864362194, 0.11620665075472666, 0.5411682596418614]
[-0.34847851580157996, -0.00014018954091594114, 0.937288444393593, -0.007285353653669453]
Quaternion in openCV Convention: 
 [ 0.63920941  0.64657944 -0.29794019 -0.29082296]
Rotation in openCV Convention: 
 [[-0.01366666  0.65330364 -0.75697264  0.        ]
 [ 0.99989503  0.00528594 -0.01349045  0.        ]
 [-0.00481204 -0.75707755 -0.6533073   0.        ]
 [ 0.          0.          0.          1.        ]]
-----------------------------------
------------------------------------
Translation mean : 
[1.21864405 0.11615912 0.54123699]
()
Rotation mean : 
[-3.48510564e-01 -1.27322948e-04  9.37276830e-01 -7.24640855e-03]
()
Current values
[1.2186266864362194, 0.11620665075472666, 0.5411682596418614]
[-0.34847851580157996, -0.00014018954091594114, 0.937288444393593, -0.007285353653669453]
Quaternion in openCV Convention: 
 [ 0.63920683  0.64658056 -0.29794268 -0.29082359]
Rotation in openCV Convention: 
 [[-0.01367253  0.65329991 -0.75697575  0.        ]
 [ 0.99989495  0.00528957 -0.01349503  0.        ]
 [-0.00481223 -0.75708074 -0.6533036   0.        ]
 [ 0.          0.          0.          1.        ]]
-----------------------------------
------------------------------------
Translation mean : 
[1.21864296 0.11616209 0.54123269]
()
Rotation mean : 
[-3.48508561e-01 -1.28127110e-04  9.37277556e-01 -7.24884262e-03]
()
Current values
[1.2186266864362194, 0.11620665075472666, 0.5411682596418614]
[-0.34847851580157996, -0.00014018954091594114, 0.937288444393593, -0.007285353653669453]
Quaternion in openCV Convention: 
 [ 0.63920457  0.64658154 -0.29794486 -0.29082414]
Rotation in openCV Convention: 
 [[-0.01367766  0.65329665 -0.75697847  0.        ]
 [ 0.99989488  0.00529275 -0.01349905  0.        ]
 [-0.00481239 -0.75708353 -0.65330036  0.        ]
 [ 0.          0.          0.          1.        ]]
-----------------------------------
------------------------------------
Translation mean : 
[1.218642   0.11616471 0.5412289 ]
()
Rotation mean : 
[-3.48506793e-01 -1.28836665e-04  9.37278196e-01 -7.25099033e-03]
()
Current values
[1.2186266864362194, 0.11620665075472666, 0.5411682596418614]
[-0.34847851580157996, -0.00014018954091594114, 0.937288444393593, -0.007285353653669453]
Quaternion in openCV Convention: 
 [ 0.63920258  0.64658241 -0.29794678 -0.29082462]
Rotation in openCV Convention: 
 [[-0.01368219  0.65329377 -0.75698088  0.        ]
 [ 0.99989481  0.00529555 -0.01350259  0.        ]
 [-0.00481253 -0.757086   -0.65329751  0.        ]
 [ 0.          0.          0.          1.        ]]
-----------------------------------
------------------------------------
Translation mean : 
[1.21864115 0.11616704 0.54122553]
()
Rotation mean : 
[-3.48505222e-01 -1.29467380e-04  9.37278766e-01 -7.25289940e-03]
()
Current values
[1.2186266864362194, 0.11620665075472666, 0.5411682596418614]
[-0.34847851580157996, -0.00014018954091594114, 0.937288444393593, -0.007285353653669453]
Quaternion in openCV Convention: 
 [ 0.63920081  0.64658318 -0.29794849 -0.29082506]
Rotation in openCV Convention: 
 [[-0.01368622  0.65329121 -0.75698301  0.        ]
 [ 0.99989476  0.00529804 -0.01350574  0.        ]
 [-0.00481265 -0.75708819 -0.65329497  0.        ]
 [ 0.          0.          0.          1.        ]]
-----------------------------------
------------------------------------
Translation mean : 
[1.21864039 0.11616913 0.54122252]
()
Rotation mean : 
[-3.48503817e-01 -1.30031704e-04  9.37279275e-01 -7.25460752e-03]
()
Current values
[1.2186266864362194, 0.11620665075472666, 0.5411682596418614]
[-0.34847851580157996, -0.00014018954091594114, 0.937288444393593, -0.007285353653669453]
Quaternion in openCV Convention: 
 [ 0.63919923  0.64658387 -0.29795002 -0.29082544]
Rotation in openCV Convention: 
 [[-0.01368982  0.65328893 -0.75698492  0.        ]
 [ 0.99989471  0.00530027 -0.01350855  0.        ]
 [-0.00481276 -0.75709014 -0.6532927   0.        ]
 [ 0.          0.          0.          1.        ]]
-----------------------------------
------------------------------------
Translation mean : 
[1.21863971 0.116171   0.54121981]
()
Rotation mean : 
[-3.48502552e-01 -1.30539596e-04  9.37279734e-01 -7.25614483e-03]
()
Current values
[1.2186266864362194, 0.11620665075472666, 0.5411682596418614]
[-0.34847851580157996, -0.00014018954091594114, 0.937288444393593, -0.007285353653669453]
Quaternion in openCV Convention: 
 [ 0.6391978   0.64658448 -0.29795139 -0.29082579]
Rotation in openCV Convention: 
 [[-0.01369306  0.65328687 -0.75698664  0.        ]
 [ 0.99989466  0.00530227 -0.01351109  0.        ]
 [-0.00481287 -0.75709191 -0.65329065  0.        ]
 [ 0.          0.          0.          1.        ]]
-----------------------------------
------------------------------------
Translation mean : 
[1.21863909 0.1161727  0.54121735]
()
Rotation mean : 
[-3.48501407e-01 -1.30999117e-04  9.37280148e-01 -7.25753573e-03]
()
Current values
[1.2186266864362194, 0.11620665075472666, 0.5411682596418614]
[-0.34847851580157996, -0.00014018954091594114, 0.937288444393593, -0.007285353653669453]
Quaternion in openCV Convention: 
 [ 0.63919651  0.64658505 -0.29795264 -0.2908261 ]
Rotation in openCV Convention: 
 [[-0.013696    0.653285   -0.75698819  0.        ]
 [ 0.99989462  0.00530409 -0.01351338  0.        ]
 [-0.00481296 -0.7570935  -0.6532888   0.        ]
 [ 0.          0.          0.          1.        ]]
-----------------------------------
------------------------------------
Translation mean : 
[1.21863852 0.11617424 0.54121512]
()
Rotation mean : 
[-3.48500367e-01 -1.31416864e-04  9.37280526e-01 -7.25880018e-03]
()
Current values
[1.2186266864362194, 0.11620665075472666, 0.5411682596418614]
[-0.34847851580157996, -0.00014018954091594114, 0.937288444393593, -0.007285353653669453]
Quaternion in openCV Convention: 
 [ 0.63919534  0.64658555 -0.29795377 -0.29082639]
Rotation in openCV Convention: 
 [[-0.01369866  0.65328331 -0.75698961  0.        ]
 [ 0.99989459  0.00530574 -0.01351547  0.        ]
 [-0.00481304 -0.75709495 -0.65328712  0.        ]
 [ 0.          0.          0.          1.        ]]
-----------------------------------
------------------------------------
Translation mean : 
[1.21863801 0.11617565 0.54121308]
()
Rotation mean : 
[-3.48499417e-01 -1.31798285e-04  9.37280870e-01 -7.25995468e-03]
()
Current values
[1.2186266864362194, 0.11620665075472666, 0.5411682596418614]
[-0.34847851580157996, -0.00014018954091594114, 0.937288444393593, -0.007285353653669453]
Quaternion in openCV Convention: 
 [ 0.63919427  0.64658602 -0.2979548  -0.29082665]
Rotation in openCV Convention: 
 [[-0.0137011   0.65328176 -0.7569909   0.        ]
 [ 0.99989455  0.00530724 -0.01351737  0.        ]
 [-0.00481312 -0.75709628 -0.65328559  0.        ]
 [ 0.          0.          0.          1.        ]]
-----------------------------------
------------------------------------
Translation mean : 
[1.21863754 0.11617694 0.54121121]
()
Rotation mean : 
[-3.48498546e-01 -1.32147920e-04  9.37281185e-01 -7.26101297e-03]
()
Current values
[1.2186266864362194, 0.11620665075472666, 0.5411682596418614]
[-0.34847851580157996, -0.00014018954091594114, 0.937288444393593, -0.007285353653669453]
Quaternion in openCV Convention: 
 [ 0.63919329  0.64658645 -0.29795575 -0.29082689]
Rotation in openCV Convention: 
 [[-0.01370333  0.65328034 -0.75699208  0.        ]
 [ 0.99989452  0.00530862 -0.01351912  0.        ]
 [-0.00481319 -0.75709749 -0.65328418  0.        ]
 [ 0.          0.          0.          1.        ]]
-----------------------------------
------------------------------------
Translation mean : 
[1.2186371  0.11617813 0.5412095 ]
()
Rotation mean : 
[-3.48497744e-01 -1.32469585e-04  9.37281476e-01 -7.26198659e-03]
()
Current values
[1.2186266864362194, 0.11620665075472666, 0.5411682596418614]
[-0.34847851580157996, -0.00014018954091594114, 0.937288444393593, -0.007285353653669453]
Quaternion in openCV Convention: 
 [ 0.63919238  0.64658684 -0.29795662 -0.29082711]
Rotation in openCV Convention: 
 [[-0.01370538  0.65327904 -0.75699317  0.        ]
 [ 0.99989449  0.00530989 -0.01352072  0.        ]
 [-0.00481325 -0.75709861 -0.65328289  0.        ]
 [ 0.          0.          0.          1.        ]]
-----------------------------------
------------------------------------
Translation mean : 
[1.2186367  0.11617923 0.54120791]
()
Rotation mean : 
[-3.48497005e-01 -1.32766507e-04  9.37281744e-01 -7.26288533e-03]
()
Current values
[1.2186266864362194, 0.11620665075472666, 0.5411682596418614]
[-0.34847851580157996, -0.00014018954091594114, 0.937288444393593, -0.007285353653669453]
Quaternion in openCV Convention: 
 [ 0.63919155  0.6465872  -0.29795743 -0.29082731]
Rotation in openCV Convention: 
 [[-0.01370728  0.65327783 -0.75699418  0.        ]
 [ 0.99989447  0.00531107 -0.0135222   0.        ]
 [-0.00481331 -0.75709964 -0.65328169  0.        ]
 [ 0.          0.          0.          1.        ]]
-----------------------------------
------------------------------------
Translation mean : 
[1.21863633 0.11618024 0.54120644]
()
Rotation mean : 
[-3.48496320e-01 -1.33041434e-04  9.37281992e-01 -7.26371749e-03]
()
Current values
[1.2186266864362194, 0.11620665075472666, 0.5411682596418614]
[-0.34847851580157996, -0.00014018954091594114, 0.937288444393593, -0.007285353653669453]
Quaternion in openCV Convention: 
 [ 0.63919078  0.64658754 -0.29795817 -0.2908275 ]
Rotation in openCV Convention: 
 [[-0.01370903  0.65327672 -0.75699511  0.        ]
 [ 0.99989444  0.00531215 -0.01352357  0.        ]
 [-0.00481336 -0.75710059 -0.65328059  0.        ]
 [ 0.          0.          0.          1.        ]]
-----------------------------------
------------------------------------
Translation mean : 
[1.21863599 0.11618119 0.54120508]
()
Rotation mean : 
[-3.48495684e-01 -1.33296723e-04  9.37282222e-01 -7.26449021e-03]
()
Current values
[1.2186266864362194, 0.11620665075472666, 0.5411682596418614]
[-0.34847851580157996, -0.00014018954091594114, 0.937288444393593, -0.007285353653669453]
Quaternion in openCV Convention: 
 [ 0.63919006  0.64658785 -0.29795887 -0.29082767]
Rotation in openCV Convention: 
 [[-0.01371066  0.65327568 -0.75699597  0.        ]
 [ 0.99989442  0.00531316 -0.01352485  0.        ]
 [-0.00481341 -0.75710148 -0.65327956  0.        ]
 [ 0.          0.          0.          1.        ]]
-----------------------------------
------------------------------------
Translation mean : 
[1.21863567 0.11618207 0.54120381]
()
Rotation mean : 
[-3.48495092e-01 -1.33534407e-04  9.37282437e-01 -7.26520964e-03]
()
Current values
[1.2186266864362194, 0.11620665075472666, 0.5411682596418614]
[-0.34847851580157996, -0.00014018954091594114, 0.937288444393593, -0.007285353653669453]
Quaternion in openCV Convention: 
 [ 0.63918939  0.64658814 -0.29795951 -0.29082783]
Rotation in openCV Convention: 
 [[-0.01371218  0.65327472 -0.75699677  0.        ]
 [ 0.9998944   0.0053141  -0.01352603  0.        ]
 [-0.00481346 -0.7571023  -0.6532786   0.        ]
 [ 0.          0.          0.          1.        ]]
-----------------------------------
------------------------------------
Translation mean : 
[1.21863537 0.11618289 0.54120262]
()
Rotation mean : 
[-3.48494540e-01 -1.33756244e-04  9.37282637e-01 -7.26588110e-03]
()
Current values
[1.2186266864362194, 0.11620665075472666, 0.5411682596418614]
[-0.34847851580157996, -0.00014018954091594114, 0.937288444393593, -0.007285353653669453]
Quaternion in openCV Convention: 
 [ 0.63918877  0.64658841 -0.29796011 -0.29082799]
Rotation in openCV Convention: 
 [[-0.0137136   0.65327382 -0.75699752  0.        ]
 [ 0.99989438  0.00531497 -0.01352714  0.        ]
 [-0.0048135  -0.75710308 -0.65327771  0.        ]
 [ 0.          0.          0.          1.        ]]
-----------------------------------
------------------------------------
Translation mean : 
[1.21863509 0.11618365 0.54120151]
()
Rotation mean : 
[-3.48494023e-01 -1.33963770e-04  9.37282825e-01 -7.26650925e-03]
()
Current values
[1.2186266864362194, 0.11620665075472666, 0.5411682596418614]
[-0.34847851580157996, -0.00014018954091594114, 0.937288444393593, -0.007285353653669453]
Quaternion in openCV Convention: 
 [ 0.63918819  0.64658866 -0.29796067 -0.29082813]
Rotation in openCV Convention: 
 [[-0.01371492  0.65327298 -0.75699823  0.        ]
 [ 0.99989436  0.00531579 -0.01352818  0.        ]
 [-0.00481355 -0.7571038  -0.65327687  0.        ]
 [ 0.          0.          0.          1.        ]]
-----------------------------------
------------------------------------
Translation mean : 
[1.21863482 0.11618437 0.54120048]
()
Rotation mean : 
[-3.48493538e-01 -1.34158325e-04  9.37283000e-01 -7.26709814e-03]
()
Current values
[1.2186266864362194, 0.11620665075472666, 0.5411682596418614]
[-0.34847851580157996, -0.00014018954091594114, 0.937288444393593, -0.007285353653669453]
Quaternion in openCV Convention: 
 [ 0.63918764  0.6465889  -0.2979612  -0.29082826]
Rotation in openCV Convention: 
 [[-0.01371616  0.65327219 -0.75699889  0.        ]
 [ 0.99989434  0.00531656 -0.01352915  0.        ]
 [-0.00481358 -0.75710447 -0.65327609  0.        ]
 [ 0.          0.          0.          1.        ]]
-----------------------------------
------------------------------------
Translation mean : 
[1.21863458 0.11618505 0.5411995 ]
()
Rotation mean : 
[-3.48493083e-01 -1.34341090e-04  9.37283165e-01 -7.26765134e-03]
()
Current values
[1.2186266864362194, 0.11620665075472666, 0.5411682596418614]
[-0.34847851580157996, -0.00014018954091594114, 0.937288444393593, -0.007285353653669453]
Quaternion in openCV Convention: 
 [ 0.63918713  0.64658912 -0.2979617  -0.29082839]
Rotation in openCV Convention: 
 [[-0.01371733  0.65327145 -0.7569995   0.        ]
 [ 0.99989433  0.00531728 -0.01353006  0.        ]
 [-0.00481362 -0.75710511 -0.65327535  0.        ]
 [ 0.          0.          0.          1.        ]]
-----------------------------------
------------------------------------
Translation mean : 
[1.21863435 0.11618568 0.54119858]
()
Rotation mean : 
[-3.48492655e-01 -1.34513103e-04  9.37283320e-01 -7.26817199e-03]
()
Current values
[1.2186266864362194, 0.11620665075472666, 0.5411682596418614]
[-0.34847851580157996, -0.00014018954091594114, 0.937288444393593, -0.007285353653669453]
Quaternion in openCV Convention: 
 [ 0.63918664  0.64658933 -0.29796216 -0.2908285 ]
Rotation in openCV Convention: 
 [[-0.01371843  0.65327075 -0.75700009  0.        ]
 [ 0.99989431  0.00531796 -0.01353092  0.        ]
 [-0.00481366 -0.7571057  -0.65327466  0.        ]
 [ 0.          0.          0.          1.        ]]
-----------------------------------
------------------------------------
Translation mean : 
[1.21818911 0.11690622 0.54296918]
()
Rotation mean : 
[-3.48657772e-01  1.03831822e-04  9.37221123e-01 -7.07055317e-03]
()
Current values
[1.203051203466921, 0.14140449557152493, 0.603169428109879]
[-0.3542717650461574, 0.008207559271381545, 0.9351064265099716, -0.0003515133548108792]
Quaternion in openCV Convention: 
 [ 0.63945609  0.64642281 -0.29786887 -0.29069448]
Rotation in openCV Convention: 
 [[-0.013181    0.65354315 -0.75677448  0.        ]
 [ 0.99989999  0.0047358  -0.0133258   0.        ]
 [-0.00512506 -0.75687444 -0.65354021  0.        ]
 [ 0.          0.          0.          1.        ]]
-----------------------------------
------------------------------------
Translation mean : 
[1.21776862 0.11758673 0.54464141]
()
Rotation mean : 
[-3.48813716e-01  3.28935362e-04  9.37162382e-01 -6.88391318e-03]
()
Current values
[1.203051203466921, 0.14140449557152493, 0.603169428109879]
[-0.3542717650461574, 0.008207559271381545, 0.9351064265099716, -0.0003515133548108792]
Quaternion in openCV Convention: 
 [ 0.63971056  0.64626554 -0.29778076 -0.29056791]
Rotation in openCV Convention: 
 [[-0.01267332  0.65380005 -0.75656122  0.        ]
 [ 0.99990501  0.00418591 -0.01313227  0.        ]
 [-0.00541898 -0.75665578 -0.653791    0.        ]
 [ 0.          0.          0.          1.        ]]
-----------------------------------
------------------------------------
Translation mean : 
[1.21758693 0.11710301 0.54448702]
()
Rotation mean : 
[-3.48961231e-01  5.41871144e-04  9.37106816e-01 -6.70736183e-03]
()
Current values
[1.211046348213841, 0.09968935327362811, 0.5389289895810294]
[-0.3542717650461574, 0.008207559271381545, 0.9351064265099716, -0.0003515133548108792]
Quaternion in openCV Convention: 
 [ 0.63995128  0.64611677 -0.29769741 -0.29044818]
Rotation in openCV Convention: 
 [[-0.01219299  0.65404275 -0.75635932  0.        ]
 [ 0.99990943  0.00366568 -0.01294936  0.        ]
 [-0.00569687 -0.75644871 -0.65402821  0.        ]
 [ 0.          0.          0.          1.        ]]
-----------------------------------
------------------------------------
Translation mean : 
[1.21747852 0.1170293  0.54438954]
()
Rotation mean : 
[-3.49045934e-01  6.84221919e-04  9.37074613e-01 -6.72896913e-03]
()
Current values
[1.2134672643342312, 0.11430197431938896, 0.5407831231234204]
[-0.352179959094896, 0.005951200620310303, 0.9358831028658096, -0.007528438972225009]
Quaternion in openCV Convention: 
 [ 0.6400379   0.64608265 -0.29772093 -0.29030774]
Rotation in openCV Convention: 
 [[-0.01213359  0.65418146 -0.7562403   0.        ]
 [ 0.9999085   0.00341515 -0.0130889   0.        ]
 [-0.00597985 -0.75632992 -0.65416304  0.        ]
 [ 0.          0.          0.          1.        ]]
-----------------------------------
------------------------------------
Translation mean : 
[1.21737864 0.11697723 0.54429937]
()
Rotation mean : 
[-3.49123721e-01  8.16511478e-04  9.37044974e-01 -6.75824994e-03]
()
Current values
[1.2135830382170631, 0.11499858061270776, 0.5408728413185969]
[-0.35207959288457663, 0.005843514704406203, 0.9359187262873744, -0.007870920832351929]
Quaternion in openCV Convention: 
 [ 0.64011348  0.64605522 -0.29774801 -0.29017325]
Rotation in openCV Convention: 
 [[-0.0120956   0.6543088  -0.75613074  0.        ]
 [ 0.99990732  0.00318876 -0.01323587  0.        ]
 [-0.00624923 -0.75622075 -0.65428673  0.        ]
 [ 0.          0.          0.          1.        ]]
-----------------------------------
------------------------------------
Translation mean : 
[1.21728375 0.11692777 0.54421371]
()
Rotation mean : 
[-0.34919762  0.00094219  0.93701682 -0.00678607]
()
Current values
[1.2135830382170631, 0.11499858061270776, 0.5408728413185969]
[-0.35207959288457663, 0.005843514704406203, 0.9359187262873744, -0.007870920832351929]
Quaternion in openCV Convention: 
 [ 0.64018528  0.64602916 -0.29777373 -0.29004547]
Rotation in openCV Convention: 
 [[-0.01205946  0.65442975 -0.75602664  0.        ]
 [ 0.99990612  0.00297371 -0.01337552  0.        ]
 [-0.00650513 -0.75611696 -0.65440417  0.        ]
 [ 0.          0.          0.          1.        ]]
-----------------------------------
------------------------------------
Translation mean : 
[1.21719348 0.11688071 0.54413223]
()
Rotation mean : 
[-0.34926791  0.00106173  0.93699004 -0.00681253]
()
Current values
[1.2135830382170631, 0.11499858061270776, 0.5408728413185969]
[-0.35207959288457663, 0.005843514704406203, 0.9359187262873744, -0.007870920832351929]
Quaternion in openCV Convention: 
 [ 0.64025357  0.64600437 -0.29779819 -0.28992393]
Rotation in openCV Convention: 
 [[-0.01202505  0.65454477 -0.7559276   0.        ]
 [ 0.99990492  0.00276917 -0.01350839  0.        ]
 [-0.00674855 -0.75601817 -0.65451584  0.        ]
 [ 0.          0.          0.          1.        ]]
-----------------------------------
------------------------------------
Translation mean : 
[1.21712366 0.11695668 0.5440667 ]
()
Rotation mean : 
[-0.3493167   0.00114263  0.93697095 -0.00689779]
()
Current values
[1.214260762794285, 0.12007143294960791, 0.5413800818283121]
[-0.3513169443614516, 0.004459460646383874, 0.9361882771373706, -0.0103936310227856]
Quaternion in openCV Convention: 
 [ 0.64026624  0.6460214  -0.29784734 -0.28980691]
Rotation in openCV Convention: 
 [[-0.01212796  0.65462438 -0.75585702  0.        ]
 [ 0.99990223  0.00267784 -0.01372454  0.        ]
 [-0.00696035 -0.75594956 -0.65459286  0.        ]
 [ 0.          0.          0.          1.        ]]
-----------------------------------
------------------------------------
Translation mean : 
[1.21706249 0.11706952 0.54400819]
()
Rotation mean : 
[-0.34935711  0.00120872  0.93695485 -0.00699922]
()
Current values
[1.2144933118737842, 0.12180866072224332, 0.5415509552677897]
[-0.35105453154447713, 0.003984537421204158, 0.9362788414785091, -0.01125923369006916]
Quaternion in openCV Convention: 
 [ 0.64026073  0.64605123 -0.29790284 -0.2896949 ]
Rotation in openCV Convention: 
 [[-0.01227154  0.65469027 -0.75579763  0.        ]
 [ 0.9998991   0.00262546 -0.01396066  0.        ]
 [-0.00715559 -0.75589269 -0.65465643  0.        ]
 [ 0.          0.          0.          1.        ]]
-----------------------------------
------------------------------------
Translation mean : 
[1.21699999 0.11716631 0.54396275]
()
Rotation mean : 
[-0.34940295  0.00126426  0.93693687 -0.00708915]
()
Current values
[1.2143125697389647, 0.12132830190715002, 0.5420086302126361]
[-0.35137418952307625, 0.0036526112733442544, 0.9361638767469689, -0.010955968326582953]
Quaternion in openCV Convention: 
 [ 0.64025747  0.64608235 -0.29794366 -0.28959026]
Rotation in openCV Convention: 
 [[-0.01240088  0.65476478 -0.75573097  0.        ]
 [ 0.99989629  0.00258491 -0.01416785  0.        ]
 [-0.00732312 -0.75582829 -0.65472893  0.        ]
 [ 0.          0.          0.          1.        ]]
-----------------------------------
------------------------------------
Translation mean : 
[1.21694027 0.1172588  0.54391932]
()
Rotation mean : 
[-0.34944676  0.00131734  0.9369197  -0.00717508]
()
Current values
[1.2143125697389647, 0.12132830190715002, 0.5420086302126361]
[-0.35137418952307625, 0.0036526112733442544, 0.9361638767469689, -0.010955968326582953]
Quaternion in openCV Convention: 
 [ 0.64025436  0.6461121  -0.29798268 -0.28949026]
Rotation in openCV Convention: 
 [[-0.01252445  0.65483598 -0.75566724  0.        ]
 [ 0.99989356  0.00254617 -0.01436584  0.        ]
 [-0.00748321 -0.75576674 -0.65479817  0.        ]
 [ 0.          0.          0.          1.        ]]
-----------------------------------
------------------------------------
Translation mean : 
[1.21688314 0.11734727 0.54387779]
()
Rotation mean : 
[-0.34948866  0.0013681   0.93690327 -0.00725727]
()
Current values
[1.2143125697389647, 0.12132830190715002, 0.5420086302126361]
[-0.35137418952307625, 0.0036526112733442544, 0.9361638767469689, -0.010955968326582953]
Quaternion in openCV Convention: 
 [ 0.64025138  0.64614054 -0.29801999 -0.28939462]
Rotation in openCV Convention: 
 [[-0.01264264  0.65490408 -0.75560625  0.        ]
 [ 0.99989092  0.00250914 -0.01455522  0.        ]
 [-0.00763635 -0.75570785 -0.65486437  0.        ]
 [ 0.          0.          0.          1.        ]]
-----------------------------------
------------------------------------
Translation mean : 
[1.21682933 0.11743044 0.54383593]
()
Rotation mean : 
[-0.34952747  0.00141834  0.93688803 -0.00733483]
()
Current values
[1.2143536731730067, 0.12125643597386522, 0.5419107806798078]
[-0.35131293911716743, 0.0037290474456324564, 0.9361871829887898, -0.010902817136897638]
Quaternion in openCV Convention: 
 [ 0.6402495   0.646166   -0.29805686 -0.28930369]
Rotation in openCV Convention: 
 [[-0.01275254  0.65496721 -0.75554969  0.        ]
 [ 0.99988838  0.00246984 -0.01473556  0.        ]
 [-0.00778522 -0.75565327 -0.65492559  0.        ]
 [ 0.          0.          0.          1.        ]]
-----------------------------------
------------------------------------
Translation mean : 
[1.21677775 0.11751015 0.54379583]
()
Rotation mean : 
[-0.34956467  0.00146648  0.93687343 -0.00740917]
()
Current values
[1.2143536731730067, 0.12125643597386522, 0.5419107806798078]
[-0.35131293911716743, 0.0037290474456324564, 0.9361871829887898, -0.010902817136897638]
Quaternion in openCV Convention: 
 [ 0.64024771  0.64619039 -0.2980922  -0.28921656]
Rotation in openCV Convention: 
 [[-0.01285785  0.6550277  -0.75549546  0.        ]
 [ 0.99988591  0.0024322  -0.01490839  0.        ]
 [-0.0079279  -0.75560095 -0.65498424  0.        ]
 [ 0.          0.          0.          1.        ]]
-----------------------------------
------------------------------------
Translation mean : 
[1.21673163 0.11758917 0.54374964]
()
Rotation mean : 
[-0.34959452  0.00151417  0.93686158 -0.00748237]
()
Current values
[1.2145178220442063, 0.12138212104184748, 0.5415327099776466]
[-0.3510270688996536, 0.0038035658860323387, 0.9362930156719097, -0.010996298935093981]
Quaternion in openCV Convention: 
 [ 0.64024395  0.64621215 -0.29813181 -0.28913526]
Rotation in openCV Convention: 
 [[-0.01296141  0.65507633 -0.75545152  0.        ]
 [ 0.99988344  0.00239449 -0.01507883  0.        ]
 [-0.00806886 -0.75555891 -0.65503101  0.        ]
 [ 0.          0.          0.          1.        ]]
-----------------------------------
------------------------------------
Translation mean : 
[1.21668735 0.11766503 0.5437053 ]
()
Rotation mean : 
[-0.34962317  0.00155996  0.93685021 -0.00755265]
()
Current values
[1.2145178220442063, 0.12138212104184748, 0.5415327099776466]
[-0.3510270688996536, 0.0038035658860323387, 0.9362930156719097, -0.010996298935093981]
Quaternion in openCV Convention: 
 [ 0.64024034  0.64623304 -0.29816983 -0.28905722]
Rotation in openCV Convention: 
 [[-0.01306082  0.65512302 -0.75540932  0.        ]
 [ 0.99988105  0.0023583  -0.01524245  0.        ]
 [-0.00820419 -0.75551854 -0.65507589  0.        ]
 [ 0.          0.          0.          1.        ]]
-----------------------------------
------------------------------------
Translation mean : 
[1.21664481 0.11773791 0.5436627 ]
()
Rotation mean : 
[-0.34965069  0.00160395  0.93683929 -0.00762017]
()
Current values
[1.2145178220442063, 0.12138212104184748, 0.5415327099776466]
[-0.3510270688996536, 0.0038035658860323387, 0.9362930156719097, -0.010996298935093981]
Quaternion in openCV Convention: 
 [ 0.64023688  0.6462531  -0.29820636 -0.28898223]
Rotation in openCV Convention: 
 [[-0.01315632  0.65516788 -0.75536876  0.        ]
 [ 0.99987872  0.00232354 -0.01539965  0.        ]
 [-0.00833422 -0.75547975 -0.65511899  0.        ]
 [ 0.          0.          0.          1.        ]]
-----------------------------------
------------------------------------
Translation mean : 
[1.21660394 0.11780747 0.54362279]
()
Rotation mean : 
[-0.34967776  0.00164551  0.93682856 -0.00768501]
()
Current values
[1.2145195040289727, 0.12135509822236092, 0.5415870433989649]
[-0.3510579913470602, 0.003764922015081735, 0.9362816326033782, -0.01099165697885244]
Quaternion in openCV Convention: 
 [ 0.64023341  0.64627291 -0.29824066 -0.28891014]
Rotation in openCV Convention: 
 [[-0.01324849  0.65521196 -0.75532891  0.        ]
 [ 0.99987646  0.00229147 -0.01555012  0.        ]
 [-0.00845781 -0.75544162 -0.65516138  0.        ]
 [ 0.          0.          0.          1.        ]]
-----------------------------------
------------------------------------
Translation mean : 
[1.21656462 0.11787436 0.54358446]
()
Rotation mean : 
[-0.34970385  0.00168544  0.93681822 -0.00774739]
()
Current values
[1.2145196480060767, 0.12135278508173622, 0.5415916943142474]
[-0.3510606382515797, 0.0037616141174669753, 0.9362806581049348, -0.010991259628255414]
Quaternion in openCV Convention: 
 [ 0.64023006  0.64629202 -0.2982736  -0.28884077]
Rotation in openCV Convention: 
 [[-0.0133372   0.65525446 -0.75529048  0.        ]
 [ 0.99987427  0.00226073 -0.01569486  0.        ]
 [-0.00857662 -0.75540485 -0.65520223  0.        ]
 [ 0.          0.          0.          1.        ]]
-----------------------------------
------------------------------------
Translation mean : 
[1.21652675 0.11793878 0.54354756]
()
Rotation mean : 
[-0.34972898  0.00172388  0.93680827 -0.00780746]
()
Current values
[1.2145196480060767, 0.12135278508173622, 0.5415916943142474]
[-0.3510606382515797, 0.0037616141174669753, 0.9362806581049348, -0.010991259628255414]
Quaternion in openCV Convention: 
 [ 0.64022683  0.64631041 -0.29830532 -0.28877397]
Rotation in openCV Convention: 
 [[-0.01342262  0.65529538 -0.75525346  0.        ]
 [ 0.99987214  0.00223113 -0.01583423  0.        ]
 [-0.00869103 -0.75536943 -0.65524155  0.        ]
 [ 0.          0.          0.          1.        ]]
-----------------------------------
------------------------------------
Translation mean : 
[1.21649025 0.11800085 0.543512  ]
()
Rotation mean : 
[-0.34975319  0.00176093  0.93679868 -0.00786535]
()
Current values
[1.2145196480060767, 0.12135278508173622, 0.5415916943142474]
[-0.3510606382515797, 0.0037616141174669753, 0.9362806581049348, -0.010991259628255414]
Quaternion in openCV Convention: 
 [ 0.64022372  0.64632814 -0.29833589 -0.2887096 ]
Rotation in openCV Convention: 
 [[-0.01350493  0.65533482 -0.75521778  0.        ]
 [ 0.99987007  0.00220262 -0.01596854  0.        ]
 [-0.00880129 -0.7553353  -0.65527942  0.        ]
 [ 0.          0.          0.          1.        ]]
-----------------------------------
------------------------------------
Translation mean : 
[1.21645506 0.11806071 0.54347771]
()
Rotation mean : 
[-0.34977654  0.00179666  0.93678943 -0.00792117]
()
Current values
[1.2145196480060767, 0.12135278508173622, 0.5415916943142474]
[-0.3510606382515797, 0.0037616141174669753, 0.9362806581049348, -0.010991259628255414]
Quaternion in openCV Convention: 
 [ 0.64022073  0.64634524 -0.29836536 -0.28864753]
Rotation in openCV Convention: 
 [[-0.0135843   0.65537285 -0.75518335  0.        ]
 [ 0.99986805  0.00217513 -0.01609806  0.        ]
 [-0.00890761 -0.75530239 -0.65531592  0.        ]
 [ 0.          0.          0.          1.        ]]
-----------------------------------
------------------------------------
Translation mean : 
[1.21642111 0.11811846 0.54344462]
()
Rotation mean : 
[-0.34979908  0.0018307   0.93678048 -0.00797618]
()
Current values
[1.2145196480060767, 0.12135278508173622, 0.5415916943142474]
[-0.3510618159149319, 0.003737199385861918, 0.9362795426478441, -0.011056797294198194]
Quaternion in openCV Convention: 
 [ 0.64021704  0.64636252 -0.29839414 -0.28858726]
Rotation in openCV Convention: 
 [[-0.01366332  0.65540957 -0.75515006  0.        ]
 [ 0.99986606  0.00215022 -0.01622488  0.        ]
 [-0.0090102  -0.75527059 -0.65535116  0.        ]
 [ 0.          0.          0.          1.        ]]
-----------------------------------
------------------------------------
