------------------------------------
Translation mean : 
[1.1899318  0.09041291 0.51925555]
()
Rotation mean : 
[-0.33246347  0.00960474  0.94300782 -0.01058522]
()
Current values
[1.1899318012265032, 0.09041290922087074, 0.5192555483551764]
[-0.3324634680703267, 0.009604738959168465, 0.9430078178446237, -0.010585219511093405]
Quaternion in openCV Convention: 
 [ 0.6372454   0.63822588 -0.31536715 -0.2951772 ]
Rotation in openCV Convention: 
 [[-0.01357744  0.62723464 -0.77871199  0.        ]
 [ 0.9995914  -0.01107629 -0.02635034  0.        ]
 [-0.02515309 -0.77875158 -0.62682796  0.        ]
 [ 0.          0.          0.          1.        ]]
-----------------------------------
------------------------------------
Translation mean : 
[1.20591637 0.09557525 0.51923004]
()
Rotation mean : 
[-0.33246262  0.00960758  0.94300809 -0.01058507]
()
Current values
[1.221900948680224, 0.10073759567476159, 0.5192045307666387]
[-0.3324617657590684, 0.009610424164584257, 0.943008363397955, -0.010584924054974115]
Quaternion in openCV Convention: 
 [ 0.63724661  0.6382241  -0.31536906 -0.29517641]
Rotation in openCV Convention: 
 [[-0.01357529  0.62723327 -0.77871313  0.        ]
 [ 0.9995913  -0.01108177 -0.02635194  0.        ]
 [-0.02515834 -0.77875261 -0.62682648  0.        ]
 [ 0.          0.          0.          1.        ]]
-----------------------------------
------------------------------------
Translation mean : 
[1.21105479 0.10547768 0.52560886]
()
Rotation mean : 
[-0.33777706  0.00833515  0.94109083 -0.01086262]
()
Current values
[1.2213316281654807, 0.12528252694292946, 0.5383664988683272]
[-0.34840595413233794, 0.005790288693772585, 0.9372563146015304, -0.011417724008511758]
Quaternion in openCV Convention: 
 [ 0.63817021  0.64069768 -0.31125577 -0.292058  ]
Rotation in openCV Convention: 
 [[-0.01481558  0.63598163 -0.77156196  0.        ]
 [ 0.99962503 -0.00835054 -0.02607803  0.        ]
 [-0.02302811 -0.77165901 -0.63561944  0.        ]
 [ 0.          0.          0.          1.        ]]
-----------------------------------
------------------------------------
Translation mean : 
[1.213624   0.11042889 0.52879827]
()
Rotation mean : 
[-0.34043429  0.00769894  0.9401322  -0.0110014 ]
()
Current values
[1.2213316281654807, 0.12528252694292946, 0.5383664988683272]
[-0.34840595413233794, 0.005790288693772585, 0.9372563146015304, -0.011417724008511758]
Quaternion in openCV Convention: 
 [ 0.63863201  0.64193448 -0.30919913 -0.29049879]
Rotation in openCV Convention: 
 [[-0.01544474  0.6403243  -0.76794938  0.        ]
 [ 0.99963936 -0.00698606 -0.02592946  0.        ]
 [-0.0219682  -0.76807291 -0.63998548  0.        ]
 [ 0.          0.          0.          1.        ]]
-----------------------------------
------------------------------------
Translation mean : 
[1.21516553 0.11339962 0.53071192]
()
Rotation mean : 
[-0.34202862  0.00731721  0.93955703 -0.01108466]
()
Current values
[1.2213316281654807, 0.12528252694292946, 0.5383664988683272]
[-0.34840595413233794, 0.005790288693772585, 0.9372563146015304, -0.011417724008511758]
Quaternion in openCV Convention: 
 [ 0.63890909  0.64267655 -0.30796514 -0.28956327]
Rotation in openCV Convention: 
 [[-0.01582511  0.64291968 -0.7657701   0.        ]
 [ 0.99964715 -0.00616777 -0.02583661  0.        ]
 [-0.02133396 -0.76590877 -0.64259522  0.        ]
 [ 0.          0.          0.          1.        ]]
-----------------------------------
------------------------------------
Translation mean : 
[1.21517533 0.11512561 0.53214626]
()
Rotation mean : 
[-0.34328329  0.00707413  0.93910152 -0.01118556]
()
Current values
[1.2152243440628057, 0.1237555588320039, 0.5393179769545868]
[-0.3495566287801372, 0.0058587452480631415, 0.9368239859582354, -0.011690069003534101]
Quaternion in openCV Convention: 
 [ 0.63913669  0.64324812 -0.30703896 -0.28877927]
Rotation in openCV Convention: 
 [[-0.01615303  0.64495896 -0.76404647  0.        ]
 [ 0.99964966 -0.00560741 -0.02586743  0.        ]
 [-0.02096775 -0.76419663 -0.64464243  0.        ]
 [ 0.          0.          0.          1.        ]]
-----------------------------------
------------------------------------
Translation mean : 
[1.21500468 0.11632642 0.53324401]
()
Rotation mean : 
[-0.3442356   0.00687434  0.93875501 -0.0112859 ]
()
Current values
[1.2139808003101331, 0.1235313084379432, 0.5398304872614641]
[-0.349949493376001, 0.005675572072878815, 0.9366759408985473, -0.01188788077607855]
Quaternion in openCV Convention: 
 [ 0.63928953  0.64370108 -0.30633982 -0.28817959]
Rotation in openCV Convention: 
 [[-0.01645769  0.64650379 -0.76273324  0.        ]
 [ 0.99965072 -0.00513696 -0.02592388  0.        ]
 [-0.02067802 -0.76289348 -0.64619344  0.        ]
 [ 0.          0.          0.          1.        ]]
-----------------------------------
------------------------------------
Translation mean : 
[1.2149697  0.11717359 0.53390545]
()
Rotation mean : 
[-0.34481537  0.00667967  0.9385459  -0.01133219]
()
Current values
[1.2147248334290677, 0.12310373110055162, 0.5385355537926955]
[-0.3488737084536035, 0.0053170383573343145, 0.937082171242519, -0.011656285529384866]
Quaternion in openCV Convention: 
 [ 0.63935437  0.64400689 -0.3058712  -0.28785934]
Rotation in openCV Convention: 
 [[-0.01666608  0.64744093 -0.76193339  0.        ]
 [ 0.99965391 -0.00472362 -0.02587965  0.        ]
 [-0.02035463 -0.762101   -0.64713813  0.        ]
 [ 0.          0.          0.          1.        ]]
-----------------------------------
------------------------------------
Translation mean : 
[1.21496592 0.11782183 0.534384  ]
()
Rotation mean : 
[-0.34523656  0.00651929  0.93839447 -0.01136147]
()
Current values
[1.214935675679339, 0.12300774917459506, 0.5382124380590529]
[-0.34860609064628223, 0.005236224294777277, 0.9371829681497144, -0.011595677192047639]
Quaternion in openCV Convention: 
 [ 0.63939442  0.6442366  -0.30551933 -0.28763857]
Rotation in openCV Convention: 
 [[-0.01682263  0.64812056 -0.76135192  0.        ]
 [ 0.99965681 -0.00439079 -0.02582592  0.        ]
 [-0.02008124 -0.76152509 -0.64782427  0.        ]
 [ 0.          0.          0.          1.        ]]
-----------------------------------
------------------------------------
Translation mean : 
[1.2149629  0.11834042 0.53476685]
()
Rotation mean : 
[-0.34557351  0.00639098  0.93827332 -0.01138489]
()
Current values
[1.214935675679339, 0.12300774917459506, 0.5382124380590529]
[-0.34860609064628223, 0.005236224294777277, 0.9371829681497144, -0.011595677192047639]
Quaternion in openCV Convention: 
 [ 0.63942646  0.64442037 -0.30523784 -0.28746197]
Rotation in openCV Convention: 
 [[-0.01694804  0.64866385 -0.76088631  0.        ]
 [ 0.99965906 -0.00412456 -0.02578272  0.        ]
 [-0.01986264 -0.76106386 -0.64837279  0.        ]
 [ 0.          0.          0.          1.        ]]
-----------------------------------
------------------------------------
Translation mean : 
[1.2149505  0.11876994 0.53510564]
()
Rotation mean : 
[-0.34586798  0.00630136  0.93816705 -0.01140933]
()
Current values
[1.2148265076109563, 0.12306519846300937, 0.5384935644129167]
[-0.34881265671713607, 0.005405095348952609, 0.9371044262893716, -0.01165374133357296]
Quaternion in openCV Convention: 
 [ 0.63946353  0.6445715  -0.30500488 -0.28729419]
Rotation in openCV Convention: 
 [[-0.01704966  0.64913886 -0.76047883  0.        ]
 [ 0.99966022 -0.0039314  -0.02576783  0.        ]
 [-0.01971664 -0.76065977 -0.64885127  0.        ]
 [ 0.          0.          0.          1.        ]]
-----------------------------------
------------------------------------
Translation mean : 
[1.21494016 0.11912788 0.53538797]
()
Rotation mean : 
[-0.34611337  0.00622667  0.9380785  -0.0114297 ]
()
Current values
[1.2148265076109563, 0.12306519846300937, 0.5384935644129167]
[-0.34881265671713607, 0.005405095348952609, 0.9371044262893716, -0.01165374133357296]
Quaternion in openCV Convention: 
 [ 0.63949442  0.64469745 -0.30481075 -0.28715438]
Rotation in openCV Convention: 
 [[-0.01713441  0.64953449 -0.76013904  0.        ]
 [ 0.99966117 -0.00377043 -0.02575533  0.        ]
 [-0.01959503 -0.76032278 -0.6492498   0.        ]
 [ 0.          0.          0.          1.        ]]
-----------------------------------
------------------------------------
Translation mean : 
[1.21493142 0.11943075 0.53562686]
()
Rotation mean : 
[-0.34632101  0.00616347  0.93800357 -0.01144693]
()
Current values
[1.2148265076109563, 0.12306519846300937, 0.5384935644129167]
[-0.34881265671713607, 0.005405095348952609, 0.9371044262893716, -0.01165374133357296]
Quaternion in openCV Convention: 
 [ 0.63952056  0.64480402 -0.30464648 -0.28703608]
Rotation in openCV Convention: 
 [[-0.01720617  0.64986911 -0.75985136  0.        ]
 [ 0.99966194 -0.00363424 -0.02574469  0.        ]
 [-0.01949216 -0.76003746 -0.64958688  0.        ]
 [ 0.          0.          0.          1.        ]]
-----------------------------------
------------------------------------
Translation mean : 
[1.21492393 0.11969036 0.53583162]
()
Rotation mean : 
[-0.34649898  0.0061093   0.93793935 -0.01146171]
()
Current values
[1.2148265076109563, 0.12306519846300937, 0.5384935644129167]
[-0.34881265671713607, 0.005405095348952609, 0.9371044262893716, -0.01165374133357296]
Quaternion in openCV Convention: 
 [ 0.63954296  0.64489537 -0.30450569 -0.28693468]
Rotation in openCV Convention: 
 [[-0.01726772  0.65015581 -0.75960467  0.        ]
 [ 0.9996626  -0.00351751 -0.02573552  0.        ]
 [-0.01940401 -0.75979277 -0.64987571  0.        ]
 [ 0.          0.          0.          1.        ]]
-----------------------------------
------------------------------------
Translation mean : 
[1.21491743 0.11991534 0.53600909]
()
Rotation mean : 
[-0.34665323  0.00606235  0.93788369 -0.01147451]
()
Current values
[1.2148265076109563, 0.12306519846300937, 0.5384935644129167]
[-0.34881265671713607, 0.005405095348952609, 0.9371044262893716, -0.01165374133357296]
Quaternion in openCV Convention: 
 [ 0.63956238  0.64497453 -0.30438366 -0.2868468 ]
Rotation in openCV Convention: 
 [[-0.01732108  0.65040421 -0.75939077  0.        ]
 [ 0.99966315 -0.00341634 -0.02572754  0.        ]
 [-0.01932764 -0.75958061 -0.65012595  0.        ]
 [ 0.          0.          0.          1.        ]]
-----------------------------------
------------------------------------
Translation mean : 
[1.21491175 0.12011221 0.53616437]
()
Rotation mean : 
[-0.34678819  0.00602128  0.93783498 -0.01148571]
()
Current values
[1.2148265076109563, 0.12306519846300937, 0.5384935644129167]
[-0.34881265671713607, 0.005405095348952609, 0.9371044262893716, -0.01165374133357296]
Quaternion in openCV Convention: 
 [ 0.63957937  0.6450438  -0.30427689 -0.2867699 ]
Rotation in openCV Convention: 
 [[-0.0173678   0.65062149 -0.75920355  0.        ]
 [ 0.99966363 -0.00332783 -0.02572052  0.        ]
 [-0.01926082 -0.75939489 -0.65034485  0.        ]
 [ 0.          0.          0.          1.        ]]
-----------------------------------
------------------------------------
Translation mean : 
[1.21490674 0.12028592 0.53630138]
()
Rotation mean : 
[-0.34690728  0.00598503  0.93779201 -0.01149559]
()
Current values
[1.2148265076109563, 0.12306519846300937, 0.5384935644129167]
[-0.34881265671713607, 0.005405095348952609, 0.9371044262893716, -0.01165374133357296]
Quaternion in openCV Convention: 
 [ 0.63959436  0.64510492 -0.30418268 -0.28670205]
Rotation in openCV Convention: 
 [[-0.01740904  0.65081316 -0.75903831  0.        ]
 [ 0.99966405 -0.00324972 -0.02571431  0.        ]
 [-0.01920188 -0.75923097 -0.65053795  0.        ]
 [ 0.          0.          0.          1.        ]]
-----------------------------------
------------------------------------
Translation mean : 
[1.21490228 0.12044032 0.53642317]
()
Rotation mean : 
[-0.34701313  0.00595281  0.93775381 -0.01150438]
()
Current values
[1.2148265076109563, 0.12306519846300937, 0.5384935644129167]
[-0.34881265671713607, 0.005405095348952609, 0.9371044262893716, -0.01165374133357296]
Quaternion in openCV Convention: 
 [ 0.63960769  0.64515925 -0.30409893 -0.28664174]
Rotation in openCV Convention: 
 [[-0.0174457   0.6509835  -0.75889138  0.        ]
 [ 0.99966442 -0.0031803  -0.02570878  0.        ]
 [-0.01914949 -0.75908522 -0.65070956  0.        ]
 [ 0.          0.          0.          1.        ]]
-----------------------------------
------------------------------------
Translation mean : 
[1.21489829 0.12057847 0.53653213]
()
Rotation mean : 
[-0.34710784  0.00592398  0.93771963 -0.01151224]
()
Current values
[1.2148265076109563, 0.12306519846300937, 0.5384935644129167]
[-0.34881265671713607, 0.005405095348952609, 0.9371044262893716, -0.01165374133357296]
Quaternion in openCV Convention: 
 [ 0.63961961  0.64520787 -0.30402401 -0.28658778]
Rotation in openCV Convention: 
 [[-0.01747852  0.65113588 -0.75875989  0.        ]
 [ 0.99966474 -0.00311819 -0.02570381  0.        ]
 [-0.01910263 -0.75895477 -0.65086308  0.        ]
 [ 0.          0.          0.          1.        ]]
-----------------------------------
------------------------------------
Translation mean : 
[1.2148947  0.12070281 0.53663021]
()
Rotation mean : 
[-0.34719308  0.00589804  0.93768887 -0.01151932]
()
Current values
[1.2148265076109563, 0.12306519846300937, 0.5384935644129167]
[-0.34881265671713607, 0.005405095348952609, 0.9371044262893716, -0.01165374133357296]
Quaternion in openCV Convention: 
 [ 0.63963034  0.64525162 -0.30395657 -0.28653922]
Rotation in openCV Convention: 
 [[-0.01750806  0.65127299 -0.75864152  0.        ]
 [ 0.99966503 -0.00306229 -0.02569933  0.        ]
 [-0.01906046 -0.75883734 -0.65100122  0.        ]
 [ 0.          0.          0.          1.        ]]
-----------------------------------
------------------------------------
Translation mean : 
[1.21489145 0.1208153  0.53671894]
()
Rotation mean : 
[-0.34727021  0.00587457  0.93766104 -0.01152572]
()
Current values
[1.2148265076109563, 0.12306519846300937, 0.5384935644129167]
[-0.34881265671713607, 0.005405095348952609, 0.9371044262893716, -0.01165374133357296]
Quaternion in openCV Convention: 
 [ 0.63964005  0.6452912  -0.30389556 -0.28649528]
Rotation in openCV Convention: 
 [[-0.0175348   0.65139703 -0.7585344   0.        ]
 [ 0.99966529 -0.00301171 -0.02569527  0.        ]
 [-0.01902231 -0.75873107 -0.65112619  0.        ]
 [ 0.          0.          0.          1.        ]]
-----------------------------------
------------------------------------
Translation mean : 
[1.2148885  0.12091757 0.5367996 ]
()
Rotation mean : 
[-0.34734032  0.00585323  0.93763574 -0.01153154]
()
Current values
[1.2148265076109563, 0.12306519846300937, 0.5384935644129167]
[-0.34881265671713607, 0.005405095348952609, 0.9371044262893716, -0.01165374133357296]
Quaternion in openCV Convention: 
 [ 0.63964887  0.64532718 -0.30384009 -0.28645533]
Rotation in openCV Convention: 
 [[-0.01755911  0.65150977 -0.75843701  0.        ]
 [ 0.99966552 -0.00296573 -0.02569157  0.        ]
 [-0.01898763 -0.75863445 -0.65123978  0.        ]
 [ 0.          0.          0.          1.        ]]
-----------------------------------
------------------------------------
Translation mean : 
[1.21488581 0.12101095 0.53687325]
()
Rotation mean : 
[-0.34740433  0.00583374  0.93761264 -0.01153685]
()
Current values
[1.2148265076109563, 0.12306519846300937, 0.5384935644129167]
[-0.34881265671713607, 0.005405095348952609, 0.9371044262893716, -0.01165374133357296]
Quaternion in openCV Convention: 
 [ 0.63965693  0.64536004 -0.30378945 -0.28641886]
Rotation in openCV Convention: 
 [[-0.01758131  0.6516127  -0.75834807  0.        ]
 [ 0.99966573 -0.00292375 -0.02568819  0.        ]
 [-0.01895597 -0.7585462  -0.65134348  0.        ]
 [ 0.          0.          0.          1.        ]]
-----------------------------------
------------------------------------
Translation mean : 
[1.21488334 0.12109654 0.53694077]
()
Rotation mean : 
[-0.34746301  0.00581588  0.93759146 -0.01154172]
()
Current values
[1.2148265076109563, 0.12306519846300937, 0.5384935644129167]
[-0.34881265671713607, 0.005405095348952609, 0.9371044262893716, -0.01165374133357296]
Quaternion in openCV Convention: 
 [ 0.63966432  0.64539016 -0.30374303 -0.28638542]
Rotation in openCV Convention: 
 [[-0.01760166  0.65170703 -0.75826652  0.        ]
 [ 0.99966592 -0.00288527 -0.02568508  0.        ]
 [-0.01892695 -0.7584653  -0.65143853  0.        ]
 [ 0.          0.          0.          1.        ]]
-----------------------------------
------------------------------------
Translation mean : 
[1.21488106 0.12117529 0.53700288]
()
Rotation mean : 
[-0.347517    0.00579945  0.93757198 -0.0115462 ]
()
Current values
[1.2148265076109563, 0.12306519846300937, 0.5384935644129167]
[-0.34881265671713607, 0.005405095348952609, 0.9371044262893716, -0.01165374133357296]
Quaternion in openCV Convention: 
 [ 0.63967112  0.64541787 -0.30370032 -0.28635467]
Rotation in openCV Convention: 
 [[-0.01762039  0.65179382 -0.7581915   0.        ]
 [ 0.9996661  -0.00284987 -0.02568221  0.        ]
 [-0.01890026 -0.75839086 -0.65152596  0.        ]
 [ 0.          0.          0.          1.        ]]
-----------------------------------
------------------------------------
Translation mean : 
[1.21487896 0.12124798 0.53706021]
()
Rotation mean : 
[-0.34756683  0.00578428  0.937554   -0.01155034]
()
Current values
[1.2148265076109563, 0.12306519846300937, 0.5384935644129167]
[-0.34881265671713607, 0.005405095348952609, 0.9371044262893716, -0.01165374133357296]
Quaternion in openCV Convention: 
 [ 0.63967739  0.64544344 -0.30366089 -0.28632627]
Rotation in openCV Convention: 
 [[-0.01763768  0.65187391 -0.75812223  0.        ]
 [ 0.99966626 -0.00281719 -0.02567957  0.        ]
 [-0.01887562 -0.75832214 -0.65160666  0.        ]
 [ 0.          0.          0.          1.        ]]
-----------------------------------
------------------------------------
Translation mean : 
[1.21487702 0.12131528 0.5371133 ]
()
Rotation mean : 
[-0.34761297  0.00577024  0.93753735 -0.01155417]
()
Current values
[1.2148265076109563, 0.12306519846300937, 0.5384935644129167]
[-0.34881265671713607, 0.005405095348952609, 0.9371044262893716, -0.01165374133357296]
Quaternion in openCV Convention: 
 [ 0.6396832   0.64546712 -0.30362439 -0.28629998]
Rotation in openCV Convention: 
 [[-0.0176537   0.65194807 -0.75805809  0.        ]
 [ 0.9996664  -0.00278693 -0.02567711  0.        ]
 [-0.0188528  -0.7582585  -0.65168138  0.        ]
 [ 0.          0.          0.          1.        ]]
-----------------------------------
------------------------------------
Translation mean : 
[1.21487522 0.12137778 0.53716259]
()
Rotation mean : 
[-0.34765582  0.0057572   0.93752189 -0.01155772]
()
Current values
[1.2148265076109563, 0.12306519846300937, 0.5384935644129167]
[-0.34881265671713607, 0.005405095348952609, 0.9371044262893716, -0.01165374133357296]
Quaternion in openCV Convention: 
 [ 0.63968859  0.64548912 -0.30359049 -0.28627557]
Rotation in openCV Convention: 
 [[-0.01766857  0.65201692 -0.75799852  0.        ]
 [ 0.99966654 -0.00275884 -0.02567483  0.        ]
 [-0.01883162 -0.75819939 -0.65175076  0.        ]
 [ 0.          0.          0.          1.        ]]
-----------------------------------
------------------------------------
Translation mean : 
[1.21487354 0.12143596 0.53720849]
()
Rotation mean : 
[-0.34769571  0.00574506  0.93750749 -0.01156103]
()
Current values
[1.2148265076109563, 0.12306519846300937, 0.5384935644129167]
[-0.34881265671713607, 0.005405095348952609, 0.9371044262893716, -0.01165374133357296]
Quaternion in openCV Convention: 
 [ 0.63969361  0.64550959 -0.30355894 -0.28625285]
Rotation in openCV Convention: 
 [[-0.01768242  0.65208102 -0.75794305  0.        ]
 [ 0.99966667 -0.00273268 -0.02567271  0.        ]
 [-0.0188119  -0.75814436 -0.65181534  0.        ]
 [ 0.          0.          0.          1.        ]]
-----------------------------------
------------------------------------
Translation mean : 
[1.21487197 0.12149027 0.53725133]
()
Rotation mean : 
[-0.34773294  0.00573372  0.93749406 -0.01156412]
()
Current values
[1.2148265076109563, 0.12306519846300937, 0.5384935644129167]
[-0.34881265671713607, 0.005405095348952609, 0.9371044262893716, -0.01165374133357296]
Quaternion in openCV Convention: 
 [ 0.6396983   0.6455287  -0.30352948 -0.28623163]
Rotation in openCV Convention: 
 [[-0.01769534  0.65214084 -0.75789128  0.        ]
 [ 0.99966678 -0.00270827 -0.02567072  0.        ]
 [-0.0187935  -0.75809299 -0.65187562  0.        ]
 [ 0.          0.          0.          1.        ]]
-----------------------------------
------------------------------------
Translation mean : 
[1.2148705  0.12154108 0.5372914 ]
()
Rotation mean : 
[-0.34776777  0.00572312  0.93748149 -0.01156702]
()
Current values
[1.2148265076109563, 0.12306519846300937, 0.5384935644129167]
[-0.34881265671713607, 0.005405095348952609, 0.9371044262893716, -0.01165374133357296]
Quaternion in openCV Convention: 
 [ 0.63970268  0.64554657 -0.30350193 -0.28621179]
Rotation in openCV Convention: 
 [[-0.01770743  0.6521968  -0.75784284  0.        ]
 [ 0.99966689 -0.00268543 -0.02566886  0.        ]
 [-0.01877628 -0.75804493 -0.651932    0.        ]
 [ 0.          0.          0.          1.        ]]
-----------------------------------
------------------------------------
Translation mean : 
[1.21486913 0.1215887  0.53732897]
()
Rotation mean : 
[-0.34780042  0.00571319  0.9374697  -0.01156973]
()
Current values
[1.2148265076109563, 0.12306519846300937, 0.5384935644129167]
[-0.34881265671713607, 0.005405095348952609, 0.9371044262893716, -0.01165374133357296]
Quaternion in openCV Convention: 
 [ 0.63970679  0.64556333 -0.3034761  -0.28619318]
Rotation in openCV Convention: 
 [[-0.01771877  0.65224926 -0.75779743  0.        ]
 [ 0.999667   -0.00266402 -0.02566712  0.        ]
 [-0.01876014 -0.75799987 -0.65198486  0.        ]
 [ 0.          0.          0.          1.        ]]
-----------------------------------
------------------------------------
Translation mean : 
[1.21486784 0.12163345 0.53736426]
()
Rotation mean : 
[-0.3478311   0.00570385  0.93745864 -0.01157227]
()
Current values
[1.2148265076109563, 0.12306519846300937, 0.5384935644129167]
[-0.34881265671713607, 0.005405095348952609, 0.9371044262893716, -0.01165374133357296]
Quaternion in openCV Convention: 
 [ 0.63971066  0.64557908 -0.30345183 -0.28617571]
Rotation in openCV Convention: 
 [[-0.01772943  0.65229854 -0.75775477  0.        ]
 [ 0.99966709 -0.0026439  -0.02566548  0.        ]
 [-0.01874498 -0.75795754 -0.65203451  0.        ]
 [ 0.          0.          0.          1.        ]]
-----------------------------------
------------------------------------
Translation mean : 
[1.21486452 0.1216675  0.53739504]
()
Rotation mean : 
[-0.34785902  0.00568734  0.93744868 -0.01156962]
()
Current values
[1.214755085028933, 0.12279132332522885, 0.5384110621459767]
[-0.3487804698760452, 0.00514248450867782, 0.9371200030530342, -0.011482097543740362]
Quaternion in openCV Convention: 
 [ 0.63971271  0.64559499 -0.30342331 -0.28616635]
Rotation in openCV Convention: 
 [[-0.01773538  0.65234322 -0.75771616  0.        ]
 [ 0.99966759 -0.00261403 -0.02564909  0.        ]
 [-0.0187127  -0.75791918 -0.65208001  0.        ]
 [ 0.          0.          0.          1.        ]]
-----------------------------------
------------------------------------
Translation mean : 
[1.21486139 0.12169961 0.53742407]
()
Rotation mean : 
[-0.34788535  0.00567177  0.93743928 -0.01156712]
()
Current values
[1.214755085028933, 0.12279132332522885, 0.5384110621459767]
[-0.3487804698760452, 0.00514248450867782, 0.9371200030530342, -0.011482097543740362]
Quaternion in openCV Convention: 
 [ 0.63971464  0.64560999 -0.30339641 -0.28615752]
Rotation in openCV Convention: 
 [[-0.017741    0.65238535 -0.75767976  0.        ]
 [ 0.99966806 -0.00258587 -0.02563364  0.        ]
 [-0.01868227 -0.75788302 -0.65212292  0.        ]
 [ 0.          0.          0.          1.        ]]
-----------------------------------
------------------------------------
Translation mean : 
[1.21485844 0.12172994 0.53745149]
()
Rotation mean : 
[-0.34791021  0.00565707  0.93743042 -0.01156476]
()
Current values
[1.214755085028933, 0.12279132332522885, 0.5384110621459767]
[-0.3487804698760452, 0.00514248450867782, 0.9371200030530342, -0.011482097543740362]
Quaternion in openCV Convention: 
 [ 0.63971647  0.64562416 -0.30337101 -0.28614919]
Rotation in openCV Convention: 
 [[-0.01774631  0.65242514 -0.75764537  0.        ]
 [ 0.9996685  -0.00255927 -0.02561905  0.        ]
 [-0.01865353 -0.75784886 -0.65216344  0.        ]
 [ 0.          0.          0.          1.        ]]
-----------------------------------
------------------------------------
Translation mean : 
[1.21485565 0.12175862 0.53747742]
()
Rotation mean : 
[-0.34793373  0.00564316  0.93742203 -0.01156252]
()
Current values
[1.214755085028933, 0.12279132332522885, 0.5384110621459767]
[-0.3487804698760452, 0.00514248450867782, 0.9371200030530342, -0.011482097543740362]
Quaternion in openCV Convention: 
 [ 0.6397182   0.64563756 -0.30334699 -0.28614131]
Rotation in openCV Convention: 
 [[-0.01775133  0.65246277 -0.75761285  0.        ]
 [ 0.99966892 -0.00253411 -0.02560524  0.        ]
 [-0.01862634 -0.75781654 -0.65220177  0.        ]
 [ 0.          0.          0.          1.        ]]
-----------------------------------
------------------------------------
Translation mean : 
[1.214853   0.1217858  0.53750199]
()
Rotation mean : 
[-0.34795601  0.00562999  0.93741408 -0.01156041]
()
Current values
[1.214755085028933, 0.12279132332522885, 0.5384110621459767]
[-0.3487804698760452, 0.00514248450867782, 0.9371200030530342, -0.011482097543740362]
Quaternion in openCV Convention: 
 [ 0.63971984  0.64565026 -0.30332423 -0.28613384]
Rotation in openCV Convention: 
 [[-0.01775609  0.65249842 -0.75758203  0.        ]
 [ 0.99966932 -0.00251027 -0.02559216  0.        ]
 [-0.01860058 -0.75778593 -0.65223808  0.        ]
 [ 0.          0.          0.          1.        ]]
-----------------------------------
------------------------------------
Translation mean : 
[1.21485049 0.12181158 0.5375253 ]
()
Rotation mean : 
[-0.34797715  0.00561749  0.93740654 -0.0115584 ]
()
Current values
[1.214755085028933, 0.12279132332522885, 0.5384110621459767]
[-0.3487804698760452, 0.00514248450867782, 0.9371200030530342, -0.011482097543740362]
Quaternion in openCV Convention: 
 [ 0.63972139  0.6456623  -0.30330263 -0.28612675]
Rotation in openCV Convention: 
 [[-0.0177606   0.65253224 -0.75755279  0.        ]
 [ 0.99966969 -0.00248766 -0.02557975  0.        ]
 [-0.01857614 -0.75775688 -0.65227252  0.        ]
 [ 0.          0.          0.          1.        ]]
-----------------------------------
------------------------------------
Translation mean : 
[1.21417954 0.12119799 0.53876592]
()
Rotation mean : 
[-0.34770456  0.00565007  0.93750768 -0.01129933]
()
Current values
[1.188012633396554, 0.09726804810870009, 0.5871497792626605]
[-0.33707321628938414, 0.006920956098606271, 0.9414522384494665, -0.0011958032864404385]
Quaternion in openCV Convention: 
 [ 0.63978149  0.64543075 -0.30337627 -0.28642686]
Rotation in openCV Convention: 
 [[-0.01725768  0.65209295 -0.75794258  0.        ]
 [ 0.9996808  -0.00273637 -0.02511607  0.        ]
 [-0.01845202 -0.75813409 -0.65183758  0.        ]
 [ 0.          0.          0.          1.        ]]
-----------------------------------
------------------------------------
Translation mean : 
[1.21354788 0.12060793 0.53993243]
()
Rotation mean : 
[-0.34743932  0.00568197  0.93760601 -0.01104771]
()
Current values
[1.188281372239265, 0.09700539855887222, 0.5865928742515792]
[-0.3368300163004487, 0.006957738534505956, 0.9415392524000087, -0.0009829463656496958]
Quaternion in openCV Convention: 
 [ 0.63983979  0.64520554 -0.30344818 -0.2867185 ]
Rotation in openCV Convention: 
 [[-0.01676897  0.65166524 -0.75832131  0.        ]
 [ 0.99969132 -0.00297815 -0.02466574  0.        ]
 [-0.0183322  -0.75850085 -0.65141414  0.        ]
 [ 0.          0.          0.          1.        ]]
-----------------------------------
------------------------------------
Translation mean : 
[1.2129463  0.12004597 0.54104339]
()
Rotation mean : 
[-0.34718672  0.00571234  0.93769966 -0.01080808]
()
Current values
[1.188281372239265, 0.09700539855887222, 0.5865928742515792]
[-0.3368300163004487, 0.006957738534505956, 0.9415392524000087, -0.0009829463656496958]
Quaternion in openCV Convention: 
 [ 0.63989532  0.64499106 -0.30351668 -0.28699626]
Rotation in openCV Convention: 
 [[-0.01630347  0.65125759 -0.75868158  0.        ]
 [ 0.9997011  -0.00320818 -0.02423672  0.        ]
 [-0.01821833 -0.75884996 -0.65101063  0.        ]
 [ 0.          0.          0.          1.        ]]
-----------------------------------
------------------------------------
Translation mean : 
[1.2123727  0.11951014 0.54210268]
()
Rotation mean : 
[-0.34694587  0.0057413   0.93778895 -0.01057959]
()
Current values
[1.188281372239265, 0.09700539855887222, 0.5865928742515792]
[-0.3368300163004487, 0.006957738534505956, 0.9415392524000087, -0.0009829463656496958]
Quaternion in openCV Convention: 
 [ 0.63994827  0.64478655 -0.30358199 -0.2872611 ]
Rotation in openCV Convention: 
 [[-0.01585956  0.65086863 -0.75902471  0.        ]
 [ 0.99971021 -0.0034273  -0.02382753  0.        ]
 [-0.01811    -0.75918264 -0.65062565  0.        ]
 [ 0.          0.          0.          1.        ]]
-----------------------------------
------------------------------------
Translation mean : 
[1.21182517 0.11899867 0.54311382]
()
Rotation mean : 
[-0.34671596  0.00576895  0.93787419 -0.01036148]
()
Current values
[1.188281372239265, 0.09700539855887222, 0.5865928742515792]
[-0.3368300163004487, 0.006957738534505956, 0.9415392524000087, -0.0009829463656496958]
Quaternion in openCV Convention: 
 [ 0.63999881  0.64459134 -0.30364433 -0.2875139 ]
Rotation in openCV Convention: 
 [[-0.01543576  0.65049709 -0.75935188  0.        ]
 [ 0.99971871 -0.00363626 -0.02343683  0.        ]
 [-0.01800679 -0.75950004 -0.65025798  0.        ]
 [ 0.          0.          0.          1.        ]]
-----------------------------------
------------------------------------
Translation mean : 
[1.21130197 0.11850993 0.54408002]
()
Rotation mean : 
[-0.34649627  0.00579537  0.93795563 -0.01015307]
()
Current values
[1.188281372239265, 0.09700539855887222, 0.5865928742515792]
[-0.3368300163004487, 0.006957738534505956, 0.9415392524000087, -0.0009829463656496958]
Quaternion in openCV Convention: 
 [ 0.6400471   0.6444048  -0.3037039  -0.28775546]
Rotation in openCV Convention: 
 [[-0.01503075  0.65014183 -0.75966419  0.        ]
 [ 0.99972665 -0.00383576 -0.02306339  0.        ]
 [-0.01790837 -0.75980319 -0.64990646  0.        ]
 [ 0.          0.          0.          1.        ]]
-----------------------------------
------------------------------------
Translation mean : 
[1.21080152 0.11804244 0.54500421]
()
Rotation mean : 
[-0.34628614  0.00582064  0.93803354 -0.00995372]
()
Current values
[1.188281372239265, 0.09700539855887222, 0.5865928742515792]
[-0.3368300163004487, 0.006957738534505956, 0.9415392524000087, -0.0009829463656496958]
Quaternion in openCV Convention: 
 [ 0.6400933   0.64422638 -0.30376088 -0.28798652]
Rotation in openCV Convention: 
 [[-0.0146433   0.64980181 -0.75996262  0.        ]
 [ 0.99973408 -0.00402642 -0.0227061   0.        ]
 [-0.0178144  -0.76009302 -0.64957005  0.        ]
 [ 0.          0.          0.          1.        ]]
-----------------------------------
------------------------------------
Translation mean : 
[1.21059399 0.11782454 0.5454656 ]
()
Rotation mean : 
[-0.3461315   0.00584213  0.93809112 -0.0098561 ]
()
Current values
[1.201047337811437, 0.10780141657589667, 0.5666895818111968]
[-0.3390182635500056, 0.006830911644872945, 0.9407396894365339, -0.005365849838804378]
Quaternion in openCV Convention: 
 [ 0.64010432  0.64411829 -0.30382892 -0.28813069]
Rotation in openCV Convention: 
 [[-0.01444823  0.64955131 -0.76018046  0.        ]
 [ 0.99973744 -0.00413808 -0.02253719  0.        ]
 [-0.01778475 -0.76030649 -0.64932098  0.        ]
 [ 0.          0.          0.          1.        ]]
-----------------------------------
------------------------------------
Translation mean : 
[1.2103951  0.11761573 0.54590777]
()
Rotation mean : 
[-0.34598331  0.00586273  0.93814629 -0.00976256]
()
Current values
[1.201047337811437, 0.10780141657589667, 0.5666895818111968]
[-0.3390182635500056, 0.006830911644872945, 0.9407396894365339, -0.005365849838804378]
Quaternion in openCV Convention: 
 [ 0.64011489  0.64401471 -0.30389414 -0.28826885]
Rotation in openCV Convention: 
 [[-0.01426127  0.64931117 -0.76038913  0.        ]
 [ 0.99974063 -0.00424504 -0.02237529  0.        ]
 [-0.01775641 -0.760511   -0.64908222  0.        ]
 [ 0.          0.          0.          1.        ]]
-----------------------------------
------------------------------------
Translation mean : 
[1.21020433 0.11741544 0.54633189]
()
Rotation mean : 
[-0.34584117  0.00588249  0.93819922 -0.00967283]
()
Current values
[1.201047337811437, 0.10780141657589667, 0.5666895818111968]
[-0.3390182635500056, 0.006830911644872945, 0.9407396894365339, -0.005365849838804378]
Quaternion in openCV Convention: 
 [ 0.64012502  0.64391536 -0.30395669 -0.28840137]
Rotation in openCV Convention: 
 [[-0.01408194  0.64908074 -0.76058917  0.        ]
 [ 0.99974365 -0.00434758 -0.02221996  0.        ]
 [-0.01772927 -0.7607071  -0.64885313  0.        ]
 [ 0.          0.          0.          1.        ]]
-----------------------------------
------------------------------------
Translation mean : 
[1.21002119 0.11722316 0.54673904]
()
Rotation mean : 
[-0.34570471  0.00590146  0.93825003 -0.00958669]
()
Current values
[1.201047337811437, 0.10780141657589667, 0.5666895818111968]
[-0.3390182635500056, 0.006830911644872945, 0.9407396894365339, -0.005365849838804378]
Quaternion in openCV Convention: 
 [ 0.64013475  0.64381998 -0.30401673 -0.28852859]
Rotation in openCV Convention: 
 [[-0.01390977  0.64885946 -0.76078112  0.        ]
 [ 0.99974652 -0.00444598 -0.02207081  0.        ]
 [-0.01770327 -0.76089528 -0.64863315  0.        ]
 [ 0.          0.          0.          1.        ]]
-----------------------------------
------------------------------------
Translation mean : 
[1.20984523 0.11703842 0.54713023]
()
Rotation mean : 
[-0.3455736   0.00591968  0.93829885 -0.00950393]
()
Current values
[1.201047337811437, 0.10780141657589667, 0.5666895818111968]
[-0.3390182635500056, 0.006830911644872945, 0.9407396894365339, -0.005365849838804378]
Quaternion in openCV Convention: 
 [ 0.6401441   0.64372835 -0.30407443 -0.28865082]
Rotation in openCV Convention: 
 [[-0.01374434  0.64864679 -0.76096546  0.        ]
 [ 0.99974925 -0.00454047 -0.02192749  0.        ]
 [-0.01767834 -0.76107603 -0.64842174  0.        ]
 [ 0.          0.          0.          1.        ]]
-----------------------------------
------------------------------------
Translation mean : 
[1.20967604 0.11686078 0.54750637]
()
Rotation mean : 
[-0.34544754  0.00593721  0.93834579 -0.00942435]
()
Current values
[1.201047337811437, 0.10780141657589667, 0.5666895818111968]
[-0.3390182635500056, 0.006830911644872945, 0.9407396894365339, -0.005365849838804378]
Quaternion in openCV Convention: 
 [ 0.64015309  0.64364023 -0.3041299  -0.28876835]
Rotation in openCV Convention: 
 [[-0.01358528  0.64844224 -0.76114263  0.        ]
 [ 0.99975185 -0.0046313  -0.02178965  0.        ]
 [-0.01765441 -0.76124977 -0.64821841  0.        ]
 [ 0.          0.          0.          1.        ]]
-----------------------------------
------------------------------------
Translation mean : 
[1.20951323 0.11668985 0.54786832]
()
Rotation mean : 
[-0.34532623  0.00595407  0.93839095 -0.00934777]
()
Current values
[1.201047337811437, 0.10780141657589667, 0.5666895818111968]
[-0.3390182635500056, 0.006830911644872945, 0.9407396894365339, -0.005365849838804378]
Quaternion in openCV Convention: 
 [ 0.64016174  0.64355544 -0.30418328 -0.28888144]
Rotation in openCV Convention: 
 [[-0.0134322   0.64824535 -0.76131304  0.        ]
 [ 0.99975432 -0.00471866 -0.02165699  0.        ]
 [-0.01763142 -0.76141691 -0.64802271  0.        ]
 [ 0.          0.          0.          1.        ]]
-----------------------------------
------------------------------------
Translation mean : 
[1.20935646 0.11652525 0.54821686]
()
Rotation mean : 
[-0.34520942  0.00597031  0.93843445 -0.00927403]
()
Current values
[1.201047337811437, 0.10780141657589667, 0.5666895818111968]
[-0.3390182635500056, 0.006830911644872945, 0.9407396894365339, -0.005365849838804378]
Quaternion in openCV Convention: 
 [ 0.64017007  0.6434738  -0.30423469 -0.28899035]
Rotation in openCV Convention: 
 [[-0.01328479  0.64805569 -0.76147707  0.        ]
 [ 0.99975668 -0.00480276 -0.02152923  0.        ]
 [-0.01760933 -0.76157781 -0.64783421  0.        ]
 [ 0.          0.          0.          1.        ]]
-----------------------------------
------------------------------------
Translation mean : 
[1.20920538 0.11636663 0.54855273]
()
Rotation mean : 
[-0.34509685  0.00598596  0.93847636 -0.00920298]
()
Current values
[1.201047337811437, 0.10780141657589667, 0.5666895818111968]
[-0.3390182635500056, 0.006830911644872945, 0.9407396894365339, -0.005365849838804378]
Quaternion in openCV Convention: 
 [ 0.6401781   0.64339512 -0.30428422 -0.28909529]
Rotation in openCV Convention: 
 [[-0.01314274  0.64787288 -0.76163508  0.        ]
 [ 0.99975894 -0.00488376 -0.02140608  0.        ]
 [-0.01758807 -0.76173281 -0.64765252  0.        ]
 [ 0.          0.          0.          1.        ]]
-----------------------------------
------------------------------------
Translation mean : 
[1.2090597  0.11621368 0.5488766 ]
()
Rotation mean : 
[-0.3449883   0.00600104  0.93851678 -0.00913446]
()
Current values
[1.201047337811437, 0.10780141657589667, 0.5666895818111968]
[-0.3390182635500056, 0.006830911644872945, 0.9407396894365339, -0.005365849838804378]
Quaternion in openCV Convention: 
 [ 0.64018584  0.64331925 -0.30433199 -0.28919649]
Rotation in openCV Convention: 
 [[-0.01300575  0.64769656 -0.76178738  0.        ]
 [ 0.99976109 -0.00496185 -0.02128732  0.        ]
 [-0.0175676  -0.76188224 -0.64747728  0.        ]
 [ 0.          0.          0.          1.        ]]
-----------------------------------
------------------------------------
Translation mean : 
[1.20891914 0.1160661  0.54918911]
()
Rotation mean : 
[-0.34488357  0.0060156   0.93855578 -0.00906834]
()
Current values
[1.201047337811437, 0.10780141657589667, 0.5666895818111968]
[-0.3390182635500056, 0.006830911644872945, 0.9407396894365339, -0.005365849838804378]
Quaternion in openCV Convention: 
 [ 0.6401933   0.64324604 -0.30437808 -0.28929413]
Rotation in openCV Convention: 
 [[-0.01287356  0.64752638 -0.76193429  0.        ]
 [ 0.99976314 -0.00503717 -0.02117271  0.        ]
 [-0.01754788 -0.76202639 -0.64730816  0.        ]
 [ 0.          0.          0.          1.        ]]
-----------------------------------
------------------------------------
Translation mean : 
[1.20878341 0.11592361 0.54949084]
()
Rotation mean : 
[-0.34478244  0.00602966  0.93859343 -0.0090045 ]
()
Current values
[1.201047337811437, 0.10780141657589667, 0.5666895818111968]
[-0.3390182635500056, 0.006830911644872945, 0.9407396894365339, -0.005365849838804378]
Quaternion in openCV Convention: 
 [ 0.64020051  0.64317536 -0.30442258 -0.28938841]
Rotation in openCV Convention: 
 [[-0.01274593  0.64736202 -0.76207608  0.        ]
 [ 0.99976511 -0.00510986 -0.02106203  0.        ]
 [-0.01752886 -0.76216553 -0.64714484  0.        ]
 [ 0.          0.          0.          1.        ]]
-----------------------------------
------------------------------------
Translation mean : 
[1.2086523  0.11578594 0.54978235]
()
Rotation mean : 
